99.71787897168,25.053274434809,0.0
100.59642655908,24.719081219934,0.0
99.801994607324,26.985498271518,0.0
100.67490738412,26.648404689299,0.0
99.760792119053,26.023187315172,0.0
100.63651807488,25.688822757357,0.0
97.95452831044,25.723127095205,0.0
98.047367415147,27.661235912422,0.0
98.001435928172,26.693243629164,0.0
98.839327806104,25.387274404537,0.0
98.885059036642,26.357170875406,0.0
98.929446478906,27.322223444867,0.0
99.589812713372,22.172665576738,0.0
100.47659315643,21.831011674565,0.0
99.6320940704,23.115634821348,0.0
100.51628111943,22.781582723598,0.0
97.810789140504,22.835659857244,0.0
97.860766110612,23.785472889683,0.0
98.70089264873,22.510968779196,0.0
98.747910610835,23.449872935435,0.0
100.55634757394,23.750001209931,0.0
99.674979622136,24.084090271453,0.0
98.793611664174,24.418175092468,0.0
97.907638424507,24.753870217724,0.0
104.19256882287,25.305773884034,0.0
102.42179135184,25.978687261381,0.0
103.29508744719,25.645688852824,0.0
104.12910819406,23.37538665584,0.0
102.35351086067,24.050115107407,0.0
103.23204750509,23.71534223633,0.0
104.1609083626,24.341966866964,0.0
103.26365283572,24.683443230786,0.0
102.38794846812,25.018950701791,0.0
104.03393727696,20.480360501126,0.0
104.06551490001,21.443500676666,0.0
102.250229075,21.154195890518,0.0
102.28466584714,22.114036629673,0.0
103.13743746527,20.818525671889,0.0
103.16886345608,21.780542659838,0.0
104.09731010464,22.409231358008,0.0
103.20045104522,22.747708713933,0.0
102.31908332036,23.081810417951,0.0
101.5481881923,26.312326475227,0.0
101.5122368695,25.354077215131,0.0
101.47497053367,24.384694773057,0.0
101.43771548494,23.415907921037,0.0
101.40047172327,22.447716655323,0.0
101.36341313071,21.491028503412,0.0
99.908776018494,31.396450345499,0.0
100.61695869085,31.24672228631,0.0
100.37123060252,33.089447132393,0.0
100.380727093,32.168636816526,0.0
98.333539345153,32.549588341482,0.0
98.429076292448,33.550240978922,0.0
99.306207475274,32.236284578923,0.0
99.385684324977,33.279722115655,0.0
99.84667619357,28.900210369325,0.0
100.70815588264,28.552152379723,0.0
99.847747026371,29.818883500265,0.0
100.70565231067,29.464444104676,0.0
98.123605638654,29.596268026888,0.0
98.155739601574,30.575880465118,0.0
98.992584116951,29.246393823848,0.0
99.008344757374,30.208252308132,0.0
100.69973312524,30.35111365345,0.0
99.848563900278,30.687472884801,0.0
99.032440106299,31.214631503565,0.0
98.213454418695,31.569966854563,0.0
104.26371633463,30.111089936134,0.0
104.28031367935,32.03577911557,0.0
104.27264042795,31.069294549803,0.0
102.39940995832,30.710015414975,0.0
102.35667359787,32.601480596727,0.0
102.36739334042,31.646865688993,0.0
103.32967500558,30.409731818599,0.0
103.32917749567,31.355792204556,0.0
103.32760709501,32.318206941715,0.0
104.2356939435,27.232617945764,0.0
104.24584957912,28.194666195682,0.0
102.45105275068,27.88467880037,0.0
102.44456862282,28.829595098669,0.0
103.32966363262,27.563376596171,0.0
103.33066429429,28.517140870508,0.0
104.25478670926,29.152880411031,0.0
103.3301706053,29.463514698653,0.0
102.43072091513,29.767934824779,0.0
101.37675910948,32.868192690338,0.0
101.40100293478,31.925060436857,0.0
101.49485426768,30.99594774227,0.0
101.55124317884,30.065769591529,0.0
101.56522205926,29.142391423182,0.0
101.57346279411,28.211237714936,0.0
98.089515213852,28.629635214608,0.0
98.967852569908,28.287008686381,0.0
99.83460543666,27.947186754032,0.0
100.70375055045,27.60677002394,0.0
101.57418460446,27.269335437458,0.0
102.44778125763,26.937992109058,0.0
103.32092622405,26.608471403386,0.0
104.22005653682,26.270613239714,0.0
92.523157195422,27.637024502748,0.0
92.569708640454,29.519714893111,0.0
92.546429437711,28.578189994334,0.0
90.692898086696,28.272613277764,0.0
90.746457325045,30.121610141486,0.0
90.730323655908,29.18975282382,0.0
91.610904071968,27.954296540178,0.0
91.628547497565,28.889699317689,0.0
91.646195677199,29.825344193902,0.0
92.453807472066,24.812442608184,0.0
92.47663359264,25.755771723935,0.0
90.65140803714,25.484364260047,0.0
90.683052971299,26.409465443432,0.0
91.558359983166,25.14730052134,0.0
91.575631483141,26.084217263429,0.0
92.499891913696,26.696218414041,0.0
91.593265400472,27.019135856902,0.0
90.699057371436,27.34019523242,0.0
96.165288621823,26.373332560261,0.0
96.253386319271,28.302310160263,0.0
96.209408751589,27.337474346186,0.0
94.34769001931,27.003689526331,0.0
94.416756357747,28.909407454214,0.0
94.382217516735,27.95625228328,0.0
95.259969646815,26.687626615951,0.0
95.300123581441,27.645823923663,0.0
95.340291036346,28.604729343645,0.0
96.03239517604,23.480184644616,0.0
96.077096539369,24.447446273912,0.0
94.244709480734,24.144263401163,0.0
94.278669055972,25.100341238342,0.0
95.140163867614,23.81094218715,0.0
95.179702339303,24.773356321834,0.0
96.121184598835,25.409989810031,0.0
95.219829232694,25.730137416625,0.0
94.31317386566,26.051719179347,0.0
93.493228880142,29.214402641863,0.0
93.464319456723,28.267040978086,0.0
93.435419190279,27.320155493266,0.0
93.406528080958,26.373746183237,0.0
93.37764612891,25.427813043873,0.0
93.349257327,24.478096888216,0.0
92.686209057329,34.232730648063,0.0
92.709329374662,35.178985789907,0.0
90.788574600629,34.77964926553,0.0
90.800539035241,35.711089059911,0.0
91.734507883743,34.507200214252,0.0
91.752112111277,35.445881346179,0.0
92.616287926885,31.403842929652,0.0
92.639588010362,32.346446076203,0.0
90.752371923604,31.98749751987,0.0
90.764598112243,32.918498851194,0.0
91.681506298326,31.697360260479,0.0
91.699168739695,32.633731459949,0.0
92.662895053878,33.289408647517,0.0
91.716835934854,33.57034477633,0.0
90.776585094662,33.849012115953,0.0
96.478851697525,33.140256012611,0.0
96.53175135067,34.114595875614,0.0
94.589620710169,33.68406966147,0.0
94.623794068365,34.645389360032,0.0
95.541331107343,33.40987826551,0.0
95.581041480833,34.378688428853,0.0
96.33877931883,30.234854755122,0.0
96.381225957145,31.203225262793,0.0
94.485868069789,30.817495054272,0.0
94.520440940454,31.772427491586,0.0
95.420666506106,30.524664536093,0.0
95.460874520522,31.485694316471,0.0
96.427020464734,32.171994863652,0.0
95.501096054339,32.447432224936,0.0
94.555025153974,32.727952359264,0.0
93.666556696861,34.9121551372,0.0
93.637913346781,33.958353792974,0.0
93.608958140659,33.008611170887,0.0
93.580012090792,32.059344749031,0.0
93.551075197321,31.110554523094,0.0
90.744892312631,31.058571483474,0.0
91.663848610806,30.76123117332,0.0
92.592994803547,30.461599203424,0.0
93.52214746039,30.16224048879,0.0
94.451306542159,29.863155043185,0.0
95.380472011308,29.564342879808,0.0
96.296687530485,29.268034111935,0.0
96.922683544051,23.154752738777,0.0
96.972490821958,24.1190197165,0.0
97.019750882062,25.0859629487,0.0
97.067028358199,26.053781044121,0.0
97.11432327342,27.022473931217,0.0
97.161132061384,27.991148579099,0.0
97.206262711661,28.960722541533,0.0
97.24817321943,29.930945032487,0.0
97.291710428417,30.90687281062,0.0
97.343642678684,31.882847700651,0.0
97.41096116727,32.861201821826,0.0
97.480639965427,33.843737540757,0.0
99.585686571704,12.675106136664,0.0
99.665148780536,13.677347637968,0.0
97.707523562699,13.590462534832,0.0
97.746904871204,14.600577737789,0.0
98.644835995602,13.133725155957,0.0
98.699541673339,14.142240818621,0.0
99.358209753007,9.5984552886249,0.0
99.429722906965,10.625223508267,0.0
97.58397298749,10.541391269577,0.0
97.625306579055,11.557937654459,0.0
98.473073941001,10.07035308767,0.0
98.53052033867,11.091436536603,0.0
99.504529708814,11.650761955464,0.0
98.587666529095,12.112030261094,0.0
97.666409998882,12.573818219427,0.0
103.02230139991,10.241544874602,0.0
103.73520650255,9.9699465225339,0.0
103.57310478804,11.897149115166,0.0
103.54016243156,10.970836888627,0.0
101.45516151915,11.72011375297,0.0
101.59611320312,12.724310646616,0.0
102.44248675497,11.224394806189,0.0
102.57419615464,12.268691139732,0.0
103.689939773,7.1627712077809,0.0
103.73355728004,8.1004789034099,0.0
102.82677574226,7.6531776062153,0.0
102.87491754312,8.6040010464226,0.0
101.10402722082,8.6341861358404,0.0
101.18100202909,9.6618687053359,0.0
101.96808489008,8.1420747531535,0.0
102.03148323727,9.1442023696007,0.0
103.77381841823,9.0235688687186,0.0
102.92159531352,9.5114587936777,0.0
102.10677920727,10.197972890902,0.0
101.28579229872,10.70424767878,0.0
100.6292796327,13.208267605545,0.0
100.5218389537,12.210414593436,0.0
100.4134896171,11.180805728969,0.0
100.32156915978,10.151373650771,0.0
100.23826456424,9.1211569265189,0.0
99.131165062853,18.752491210497,0.0
100.06225589917,18.309413299859,0.0
99.423876476701,20.396502572149,0.0
100.31688500646,20.013661774824,0.0
99.292693459069,19.565559754501,0.0
100.19141943769,19.154844667173,0.0
97.549733255892,19.488669481756,0.0
97.659180716562,21.030369914168,0.0
97.568113976834,20.2051457865,0.0
98.240627719362,19.162026742573,0.0
98.406973678957,19.957295581087,0.0
98.526183582238,20.763835837137,0.0
99.801337730598,15.629299081563,0.0
99.865035620064,16.562065028638,0.0
97.819187935734,16.603235867786,0.0
97.852631247328,17.558345744031,0.0
98.799709524815,16.122586379503,0.0
98.855566384839,17.060287744224,0.0
99.945805632381,17.456823985115,0.0
98.953102416749,17.947244256478,0.0
97.943938459063,18.433866355914,0.0
103.87247025416,16.672205798619,0.0
103.95987474523,18.566095614761,0.0
103.91645547108,17.617011398023,0.0
101.9964645517,17.443496717356,0.0
102.14448505347,19.27156170764,0.0
102.07098558214,18.352387102217,0.0
102.94435588174,17.052968361958,0.0
102.99924094074,17.982001017372,0.0
103.05335122116,18.918044606345,0.0
103.73451266023,13.820481524338,0.0
103.78454924545,14.784716121385,0.0
101.79107616041,14.681717717097,0.0
101.85735970362,15.625813865574,0.0
102.77423011134,14.238201361727,0.0
102.83464120325,15.197625161862,0.0
103.8285010303,15.728107750298,0.0
102.88948929994,16.124843055351,0.0
101.92401255806,16.535626647286,0.0
101.23522770767,19.631735507788,0.0
101.14059547532,18.734718834903,0.0
101.04364821458,17.85103656393,0.0
100.95130348905,16.967503888598,0.0
100.87382634874,16.071602297156,0.0
100.80260362927,15.142234492817,0.0
97.783925486152,15.609183267141,0.0
98.751113328522,15.146752799757,0.0
99.738620572734,14.673516126862,0.0
100.72691425864,14.20049568869,0.0
101.71270013634,13.729230444148,0.0
102.69496151444,13.271416878758,0.0
103.66802168729,12.853479507319,0.0
92.347026434694,16.209714586562,0.0
92.357567106913,17.167441183829,0.0
90.590947212018,17.072017719054,0.0
90.599036971193,18.00708634403,0.0
91.468459396787,16.64064763625,0.0
91.477604147026,17.587003576476,0.0
92.315166038243,13.337068859497,0.0
92.325949891795,14.294514898948,0.0
90.566411114274,14.267061652984,0.0
90.57471970619,15.201975374503,0.0
91.440781844298,13.801961731876,0.0
91.450173203205,14.748109910697,0.0
92.336487362989,15.252072491692,0.0
91.459315748847,15.69434974775,0.0
90.582833086387,16.136976507856,0.0
95.876442937124,14.481467920307,0.0
95.896108030591,15.483355034979,0.0
94.104172866498,15.34841118784,0.0
94.117508064559,16.329020893598,0.0
94.98275222657,14.91804085612,0.0
94.997486028264,15.91016301316,0.0
95.816574348355,11.476791799637,0.0
95.836658000452,12.478154664459,0.0
94.063938630687,12.407422753746,0.0
94.07751028302,13.387605140088,0.0
94.938326998945,11.942669536573,0.0
94.953293952293,12.934290410614,0.0
95.856550674737,13.479663399815,0.0
94.96802153458,13.926083322021,0.0
94.090840272651,14.367939270089,0.0
93.237535085213,16.748113619955,0.0
93.225597597014,15.778969100815,0.0
93.213662209967,14.809935662834,0.0
93.201728924071,13.841013305746,0.0
93.189551638846,12.8722225307,0.0
92.410294475726,21.957341715631,0.0
92.420910152322,22.912936535941,0.0
90.626009130803,22.688043276782,0.0
90.630471377423,23.623477297289,0.0
91.523344432756,22.319654063327,0.0
91.532478807728,23.26470564292,0.0
92.378653252891,19.083147886643,0.0
92.389198726653,20.041127992732,0.0
90.612252996774,19.878982094194,0.0
90.616985744282,20.815483992348,0.0
91.495896954408,19.479889613232,0.0
91.505045011553,20.426419710323,0.0
92.399745800931,20.999192602304,0.0
91.514194171002,21.373007860261,0.0
90.621496872839,21.751795504799,0.0
95.930401243714,20.518415396783,0.0
95.950672895111,21.528178781942,0.0
94.184223118114,21.234136251384,0.0
94.197792909874,22.210908340114,0.0
95.071201682298,20.873243151092,0.0
95.086244319735,21.860649299051,0.0
95.934194148467,17.488069983068,0.0
95.950449903198,18.488543712695,0.0
94.144186273331,18.290653670149,0.0
94.157529284042,19.271676741452,0.0
95.026962960764,17.894901197046,0.0
95.041706091571,18.887517224386,0.0
95.95415963915,19.498554263625,0.0
95.056452332082,19.880297875653,0.0
94.170874898969,20.252837601779,0.0
93.309348187042,22.561670760487,0.0
93.297254043503,21.595502442219,0.0
93.285306049537,20.625802513348,0.0
93.273360156725,19.656213666949,0.0
93.261416365068,18.686735902758,0.0
90.606526185175,18.942696481641,0.0
91.486749999566,18.53341756871,0.0
92.368109379644,18.125252283766,0.0
93.249474674564,17.717369220515,0.0
94.130845866837,17.309768387615,0.0
95.012222939662,16.902449793386,0.0
95.915276451309,16.485720041756,0.0
96.696469122405,11.01099203523,0.0
96.723287704706,12.021837607982,0.0
96.749959745438,13.032326239039,0.0
96.776640191424,14.04326120341,0.0
96.802455473112,15.05265569494,0.0
96.826945720413,16.062432314236,0.0
96.85076235392,17.068690865258,0.0
96.874686177528,18.059862280087,0.0
96.905018629238,19.084121511069,0.0
96.739527050599,20.24369749449,0.0
96.801364979646,21.241931286306,0.0
104.00019887399,19.518890027759,0.0
103.10170660922,19.86013801921,0.0
102.20812587528,20.200152038523,0.0
101.31524434098,20.542523812389,0.0
100.42037100657,20.893271525223,0.0
99.530601616938,21.247702554536,0.0
98.634864922246,21.595623013442,0.0
97.747518451403,21.901753223742,0.0
96.866964275677,22.19448430115,0.0
95.988870912383,22.51100885998,0.0
95.106394444286,22.844169713412,0.0
94.215579305317,23.184519131229,0.0
93.324767102998,23.525395344463,0.0
92.433957861297,23.866798351344,0.0
91.543151605235,24.208728149831,0.0
90.63587435024,24.559000205999,0.0
114.97193282968,20.152909638417,0.0
114.95870780438,22.153774688806,0.0
114.96531616872,21.153452650594,0.0
113.03991639256,20.77387274688,0.0
113.02894355482,22.745954705174,0.0
113.03388090201,21.759673199437,0.0
114.01808869336,20.431457587734,0.0
114.00894719656,21.427020498796,0.0
113.99981103006,22.422256665746,0.0
114.99694817619,16.140249405138,0.0
114.98519101314,18.151161577561,0.0
114.99183252085,17.149956983385,0.0
113.11071228843,16.802186577008,0.0
113.06933356275,18.798248183216,0.0
113.09096464547,17.806788683407,0.0
114.05300768076,16.435693528389,0.0
114.04554501847,17.442807464747,0.0
114.03638762003,18.43935115673,0.0
114.97855778024,19.152145872441,0.0
114.02723550625,19.435567836815,0.0
113.05065998756,19.787220926444,0.0
118.98226066969,20.000343192976,0.0
118.97977840348,22.00033541242,0.0
118.98101317727,21.000339295842,0.0
116.95150585849,20.002346800393,0.0
116.94438026834,22.002463569506,0.0
116.94793112868,21.002408096472,0.0
117.96452112092,20.000371144727,0.0
117.96202613458,21.000366930187,0.0
117.95955658551,22.000362730475,0.0
118.98678747971,15.998156512582,0.0
118.9847938104,18.00035102917,0.0
118.98607945868,17.000354968629,0.0
116.96508698354,15.996263301196,0.0
116.95872689524,18.002206571356,0.0
116.9623731866,17.002127544776,0.0
117.97393277413,15.996336697953,0.0
117.97215870351,17.000383879462,0.0
117.96958740538,18.000379619149,0.0
118.98352088074,19.000347104019,0.0
117.96704154452,19.00037537431,0.0
116.95510444994,19.002279640306,0.0
115.94358554239,22.02899310114,0.0
115.94868875244,21.028498056033,0.0
115.95381985845,20.027940366448,0.0
115.95897884431,19.02732007983,0.0
115.96416569306,18.026637238781,0.0
115.96938038687,17.025891881027,0.0
115.97340121401,16.017917107261,0.0
114.92579065844,27.152062896098,0.0
114.91344708655,29.169188210268,0.0
114.91923220589,28.151054732232,0.0
112.9855762296,27.677067685973,0.0
112.9676469035,29.663697067933,0.0
112.97564599123,28.662265728399,0.0
113.95421058683,27.393540123797,0.0
113.94510665138,28.386818180495,0.0
113.93818709427,29.398473961425,0.0
114.94551599224,24.153754986343,0.0
114.93893255713,25.153412829021,0.0
113.01501241132,24.719135157956,0.0
113.00541943563,25.705622284372,0.0
113.98155474024,24.411749181688,0.0
113.97243464085,25.40600575316,0.0
114.93235744397,26.152848864436,0.0
113.96331991973,26.399936025215,0.0
112.99550064626,26.691519910503,0.0
118.97379531388,27.000316194241,0.0
118.97261278485,28.991362155443,0.0
118.97263685185,28.000312389068,0.0
116.9269842827,27.002654754219,0.0
116.9169771178,28.999867430994,0.0
116.92357680318,28.002675935084,0.0
117.9475903992,27.00034194705,0.0
117.94527347376,28.00033783196,0.0
117.94157510729,28.986329041188,0.0
118.97734701176,24.000327685935,0.0
118.97615039384,25.000323842488,0.0
116.93735018745,24.002557191036,0.0
116.93387098254,25.002595402278,0.0
117.95469379917,24.000354374698,0.0
117.95230056191,25.000350218217,0.0
118.97496649455,26.000320011986,0.0
117.94993276192,26.000346075736,0.0
116.93041567838,26.002627916024,0.0
115.90698724232,29.044103546333,0.0
115.91355290421,28.030644578089,0.0
115.91848844218,27.030526663668,0.0
115.92345195725,26.030345720053,0.0
115.9284434376,25.030101823127,0.0
115.93346287078,24.029795044106,0.0
113.02318820605,23.732443734283,0.0
113.99068020715,23.417166190637,0.0
114.9521077434,23.15387553762,0.0
115.93851024365,23.029425449512,0.0
116.94085328532,23.002513256603,0.0
117.95711247371,23.000358545382,0.0
118.97855634831,23.000331542515,0.0
107.91694886882,22.088328035246,0.0
108.02560301978,24.101113291043,0.0
107.97213638307,23.099578267829,0.0
105.97808000628,22.724110925847,0.0
106.05982038212,24.681111368634,0.0
106.01964819181,23.704380535319,0.0
106.92767490914,22.411357239528,0.0
106.97880388381,23.406414046261,0.0
107.02798521696,24.394655391788,0.0
107.77386222068,19.060096948325,0.0
107.82830459315,20.06444528378,0.0
105.85341382316,19.788996186278,0.0
105.8949699511,20.765614028425,0.0
106.77457725886,19.434523591376,0.0
106.82546690089,20.423765371123,0.0
107.86698599779,21.075033420905,0.0
106.8765625809,21.417141015977,0.0
105.9365203314,21.744521853903,0.0
111.05016963771,23.31021118371,0.0
110.04400927345,23.555522022255,0.0
111.00839321706,21.339093923361,0.0
109.97043810272,21.5577628013,0.0
111.02789369948,22.319075161078,0.0
110.00682509742,22.551940010448,0.0
111.22299955221,17.50075839088,0.0
111.02419270333,19.420953211869,0.0
111.09940647933,18.477796095744,0.0
109.51988103798,17.925150482952,0.0
110.3067200089,17.784182268276,0.0
110.03935399392,18.728492545159,0.0
109.96394452666,19.633380172315,0.0
110.99874753559,20.36393209652,0.0
109.94916804884,20.568198391254,0.0
109.0254395325,23.817041743943,0.0
108.97140858918,22.807880152608,0.0
108.91466079384,21.794066047675,0.0
108.86220932746,20.781199590046,0.0
108.82909752378,19.789708363389,0.0
108.80698250711,18.741047482173,0.0
108.1130879229,29.016110842505,0.0
108.13049520339,30.969450365961,0.0
108.12152323155,29.989640556393,0.0
106.1642329806,29.546194407437,0.0
106.19684055837,31.491167126122,0.0
106.18054110263,30.51730581149,0.0
107.13257886174,29.281669367338,0.0
107.14685771508,30.253696264959,0.0
107.16139124583,31.230182447046,0.0
108.08727163359,26.085612949621,0.0
108.09621791409,27.069048955463,0.0
106.11517700441,26.630837079663,0.0
106.13160918188,27.604572310094,0.0
107.08963023156,26.359875544783,0.0
107.10402815505,27.337951677149,0.0
108.10465281711,28.042580312121,0.0
107.11830234175,28.309754508016,0.0
106.1479229606,28.575283139208,0.0
111.03635560307,30.189159242597,0.0
110.0686765528,30.448643606732,0.0
111.04951392363,28.223861490386,0.0
110.07413919054,28.486627343469,0.0
111.04226657229,29.200509456337,0.0
110.07087700202,29.462613054397,0.0
111.06952434,25.28631402878,0.0
111.0639950834,26.269607783558,0.0
110.08216899414,25.54743075631,0.0
110.08065176491,26.533996060441,0.0
111.056756699,27.246894177426,0.0
110.07739744487,27.510421682041,0.0
109.09959041545,30.708937481241,0.0
109.09619634052,29.725946148984,0.0
109.09360804591,28.751096830492,0.0
109.09101786498,27.776136032562,0.0
109.08842579763,26.801063745474,0.0
109.08450636491,25.813971889306,0.0
106.0940212075,25.657834776348,0.0
107.06856321861,25.381785005398,0.0
108.0690759977,25.100739999069,0.0
109.06915327829,24.824219079292,0.0
110.07407549648,24.558343010072,0.0
111.06752150355,24.301575865133,0.0
112.18129370078,17.160998403333,0.0
112.14477430286,18.155057928751,0.0
112.10454163604,19.134367964398,0.0
112.07113380216,20.109843955651,0.0
112.05921885507,21.087702528852,0.0
112.05809891985,22.06633265375,0.0
112.05992809149,23.049576492468,0.0
112.05989955222,24.033304213203,0.0
112.0536400748,25.015707859852,0.0
112.04407711127,25.997572630022,0.0
112.03362624642,26.97724376382,0.0
112.02316920574,27.95654187762,0.0
112.01270595824,28.935466899109,0.0
112.00385050103,29.92846978656,0.0
114.76268746125,4.963764140198,0.0
114.75933585718,6.9401165510704,0.0
114.76150322657,5.9373200866977,0.0
112.73663842798,5.5811766868665,0.0
112.79400825288,7.6204355697385,0.0
112.76618902804,6.6026473251208,0.0
113.73935613022,5.221626529398,0.0
113.75120520097,6.2329549396507,0.0
113.76323372955,7.2455760815913,0.0
114.20388455408,1.4860476261871,0.0
115.09166263802,1.0705532567401,0.0
114.34407020705,3.216480120663,0.0
115.08013241527,3.0328343948198,0.0
114.26443827185,2.4504456077966,0.0
115.13453899582,2.0625433284308,0.0
112.47878510197,2.4848027996206,0.0
112.5736816272,3.5379776888064,0.0
113.34877854535,2.0193030790308,0.0
113.43642526996,3.1022616166172,0.0
114.82309933252,4.02509990808,0.0
113.71464403694,4.1662384323933,0.0
112.68329705927,4.5607842996823,0.0
118.96062370286,4.9631822982956,0.0
118.94412178847,6.9502054187052,0.0
118.95249605696,5.9553547039942,0.0
116.8670768165,4.8862803353724,0.0
116.83075193343,6.8489468528213,0.0
116.84798426909,5.8622657699472,0.0
117.91988304158,4.9243222757814,0.0
117.90361086839,5.9086832124094,0.0
117.88729621352,6.8988368472324,0.0
118.99337807621,0.9939791186774,0.0
118.97699220649,2.9788378420249,0.0
118.98523306402,1.986665809125,0.0
116.9906126567,0.9772527858089,0.0
116.93628570398,2.9372326163874,0.0
116.97377820938,1.9581409628007,0.0
117.98555023012,0.986312466363,0.0
117.96915030629,1.9712396050692,0.0
117.95265276068,2.9556004637319,0.0
118.96878908607,3.9710100080788,0.0
117.93623033906,3.9399613568084,0.0
116.89469435044,3.9123227615541,0.0
115.78941675158,6.829750031845,0.0
115.80568025855,5.8405906766943,0.0
115.82921526512,4.8731236585592,0.0
115.88167826581,3.9110156996666,0.0
115.97754258369,2.9410524536246,0.0
116.0249053194,1.9629187112665,0.0
116.01721045927,0.9745252570823,0.0
114.96498945539,14.105804667444,0.0
113.08514501614,14.77953731792,0.0
114.01831828701,14.408301547346,0.0
114.89564872999,12.050044381364,0.0
112.99875049102,12.736209929199,0.0
113.93819776573,12.359481655416,0.0
114.93066565179,13.081688861202,0.0
113.9787015669,13.388570294299,0.0
113.04262143523,13.763403860623,0.0
114.79115731921,8.9659504890334,0.0
114.82557313181,9.9879365710752,0.0
112.86716970389,9.6614525571389,0.0
112.91104759789,10.683866673677,0.0
113.81693808706,9.2812303596982,0.0
113.85717200623,10.303050709895,0.0
114.86061789711,11.018793665552,0.0
113.89768791144,11.33097508514,0.0
112.95489259179,11.709697603371,0.0
118.96349769612,11.971078379607,0.0
118.97902199969,13.987461828499,0.0
118.97121300396,12.98001580642,0.0
116.89976423921,11.920038261339,0.0
116.94453437598,13.967967073004,0.0
116.92232576542,12.94649551597,0.0
117.92843871261,11.944098794865,0.0
117.94388757897,12.961969285449,0.0
117.95924703171,13.97660730212,0.0
118.94129834506,8.9482043833189,0.0
118.94799998884,9.9532032634664,0.0
116.83338885742,8.850872081807,0.0
116.8545053394,9.8671759961155,0.0
117.88334760792,8.8977320890422,0.0
117.89740610528,9.9083574198914,0.0
118.95576002441,10.962140865477,0.0
117.91294488805,10.926228173276,0.0
116.87715744138,10.893598392708,0.0
115.94633123938,13.98323851245,0.0
115.91740301727,12.957385547801,0.0
115.88793927259,11.925067424196,0.0
115.8584246718,10.892863915923,0.0
115.8288591927,9.860774688076,0.0
115.8005365458,8.8398658712824,0.0
112.82612612042,8.6391212569982,0.0
113.78218597602,8.2596375459175,0.0
114.76485581062,7.9457926722071,0.0
115.7824536293,7.8236878783362,0.0
116.82122635364,7.8396408421478,0.0
117.87684350004,7.8912082431452,0.0
118.93852213223,7.9457116250458,0.0
107.28536611214,8.212108358042,0.0
107.35552517092,10.178306760122,0.0
107.32044077937,9.194950643913,0.0
105.4968197362,9.1208726330239,0.0
105.53384284817,11.059569386352,0.0
105.50462218126,10.095530148322,0.0
106.40010418609,8.6601071844335,0.0
106.43211101914,9.6357750912877,0.0
106.46412651176,10.611900280316,0.0
107.1800207654,5.266443234212,0.0
107.21524595071,6.2479652732859,0.0
105.43020799217,6.2036127448817,0.0
105.46222882815,7.1697572408397,0.0
106.30395571456,5.7356377145988,0.0
106.33611649882,6.7101432131088,0.0
107.25030116924,7.2297799015016,0.0
106.36810601264,7.6848965587184,0.0
105.48833483668,8.1414949646152,0.0
110.93573501906,8.4380986289746,0.0
109.13832394407,9.3111190120421,0.0
110.02972403326,8.8775247962205,0.0
110.84939641295,6.4108832440011,0.0
109.05589139383,7.316109981752,0.0
109.94115472525,6.8681104441174,0.0
110.89253076273,7.4241153564949,0.0
109.98543291988,7.8724758825693,0.0
109.097101742,8.3133010334708,0.0
110.69588874284,3.3872365477433,0.0
110.75203614557,4.3929446593231,0.0
108.9321520594,4.3280536369151,0.0
108.97350625934,5.3236086550543,0.0
109.80821828252,3.858858530706,0.0
109.85263709239,4.8614299890937,0.0
110.80396063624,5.4002752801998,0.0
109.89688944941,5.8644284799353,0.0
109.0146928996,6.3195458559311,0.0
108.24692431923,9.744713001985,0.0
108.20877102448,8.7541259559113,0.0
108.17062851883,7.7641092884022,0.0
108.13249680229,6.7746629984775,0.0
108.0943758749,5.7857870851575,0.0
108.05608621708,4.7972485398368,0.0
107.53109299241,15.102794831508,0.0
107.59975485369,17.079904636604,0.0
107.56623572927,16.089233950916,0.0
105.71233667852,15.89681183105,0.0
105.77806129168,17.839016116746,0.0
105.74491303849,16.866504528487,0.0
106.62433386765,15.499385494316,0.0
106.65640131722,16.478254398146,0.0
106.68945335301,17.461557279098,0.0
107.42572312685,12.146560487582,0.0
107.46083669117,13.131458100851,0.0
105.6134800116,12.989783128628,0.0
105.64721735688,13.958842985508,0.0
106.52818347563,12.565522509034,0.0
106.56022494684,13.543019550798,0.0
107.4959599797,14.11686954849,0.0
106.59227507751,14.520973878879,0.0
105.679770956,14.927591559043,0.0
111.25398976916,15.525434767464,0.0
109.42182178474,16.272466947592,0.0
110.33923794551,15.89372786983,0.0
111.16253199637,13.514717305645,0.0
109.3446127618,14.309612841113,0.0
110.25137338015,13.913021525019,0.0
111.20838754524,14.531949576692,0.0
110.29574200528,14.9221713094,0.0
109.38590608659,15.31119240086,0.0
111.02506224904,10.467326451809,0.0
111.07086025136,11.482395249701,0.0
109.22080390978,11.308635753562,0.0
109.26206167336,12.30833451842,0.0
110.11834501612,10.889673052841,0.0
110.16267488553,11.89677239767,0.0
111.11668960842,12.498199165927,0.0
110.20701767355,12.904555221419,0.0
109.30333129071,13.308660213952,0.0
108.50876736056,16.684376231766,0.0
108.4760706569,15.700213283226,0.0
108.43785262825,14.706203945158,0.0
108.39964538851,13.712764991544,0.0
108.3614489377,12.719896421402,0.0
108.32326327587,11.727598233749,0.0
105.57526800375,12.022343722556,0.0
106.49615066394,11.588482752553,0.0
107.39061928676,11.162176707676,0.0
108.28508840304,10.735870427604,0.0
109.17955800001,10.309563918421,0.0
110.07402806535,9.883257186001,0.0
110.97972640322,9.4525957351062,0.0
111.59064395279,2.9257446580561,0.0
111.66223898091,3.9414764486072,0.0
111.72431862069,4.9574151916349,0.0
111.76887453389,5.9738771967446,0.0
111.80806820148,6.9942792261557,0.0
111.84816902259,8.0135998478309,0.0
111.89016630875,9.0335386914616,0.0
111.93576354627,10.054386487034,0.0
111.98239247978,11.075313930742,0.0
112.02894000381,12.097624431069,0.0
112.07550180695,13.12067100016,0.0
112.1220779164,14.144453716554,0.0
112.16745798906,15.153894280618,0.0
118.98527210931,14.994655649208,0.0
117.97137868552,14.990214107279,0.0
116.96180056384,14.98763431121,0.0
115.96909497185,15.007061755988,0.0
114.99200721795,15.12896974886,0.0
114.04885077601,15.427861529736,0.0
113.1152419125,15.796861243884,0.0
112.19727228667,16.16530490666,0.0
111.27973931276,16.521249726426,0.0
110.37334011885,16.847234063625,0.0
109.4489250812,17.188808573794,0.0
108.54247124326,17.724668195139,0.0
107.65994763444,18.088615969169,0.0
106.7270073515,18.445775075373,0.0
105.81337272806,18.812598173391,0.0
105.23435971862,31.757895828303,0.0
105.21860194262,30.787368702722,0.0
105.20199255306,29.819833252268,0.0
105.18538568488,28.852475481775,0.0
105.16878097183,27.885295686044,0.0
105.15165517404,26.91646628976,0.0
105.13094795096,25.948612031102,0.0
105.10154729589,24.980124292913,0.0
105.06864237021,24.012618980159,0.0
105.0352047386,23.043567476094,0.0
105.001775553,22.075001863813,0.0
104.9683549371,21.106922023173,0.0
104.93501030668,20.140110146508,0.0
104.90146254403,19.173486223849,0.0
104.86724999053,18.210018513984,0.0
104.83268092464,17.248200057012,0.0
104.79807083562,16.288767349714,0.0
104.76347150388,15.329856979928,0.0
104.72888318894,14.371468600247,0.0
104.69041935294,13.406789405272,0.0
104.64113845468,12.443718945406,0.0
104.58506607089,11.493820709801,0.0
104.56486658506,10.543401413882,0.0
104.61465704734,9.5630755046971,0.0
104.62559487126,8.5889893419932,0.0
104.59318048304,7.6300662483543,0.0
104.55641683268,6.6772284376924,0.0
100.56922917392,51.254750534271,0.0
100.59578466714,52.345115150097,0.0
98.411770670955,51.402260413821,0.0
98.397630170127,52.475236654784,0.0
99.4701481064,51.325580026058,0.0
99.479483851848,52.409472704273,0.0
100.40283711551,47.979234699158,0.0
100.43057361223,49.062973444203,0.0
98.470335070008,48.16183121454,0.0
98.461013932131,49.238846612007,0.0
99.437270363866,48.071323625473,0.0
99.447143248468,49.153674193411,0.0
100.47785660311,50.172557895773,0.0
99.458642672612,50.239587804958,0.0
98.441385263946,50.321030556938,0.0
104.15628885503,50.441523011937,0.0
103.95706492442,52.348223217979,0.0
104.03460126696,51.401476057732,0.0
102.43495366942,50.527195517346,0.0
103.22386316757,50.553954700061,0.0
102.93826170593,51.472283023554,0.0
102.85358905928,52.394157955234,0.0
104.20402948209,47.504404696472,0.0
104.21524043837,48.478138628393,0.0
102.30503007471,47.795018986404,0.0
102.33837186148,48.76971474946,0.0
103.24788302175,47.654620438204,0.0
103.27290320213,48.618765017135,0.0
104.21766462032,49.469522102936,0.0
103.2968805217,49.601882405622,0.0
102.36453439605,49.744147799252,0.0
101.69058759436,52.329855250284,0.0
101.68500367424,51.213136514136,0.0
101.43734607617,50.06352516088,0.0
101.40144510785,48.942862082042,0.0
101.36146072352,47.89117904196,0.0
100.26849369487,57.802959050975,0.0
100.17875687824,58.892454084118,0.0
98.133825239548,57.849518671004,0.0
98.068266385032,58.923796796982,0.0
99.16659206274,57.830493953926,0.0
99.084459894239,58.914111563999,0.0
100.51282509233,54.528034269289,0.0
100.4251818929,55.622079280479,0.0
98.3278673291,54.623567567157,0.0
98.26426350513,55.699201512885,0.0
99.409579703576,54.57496689645,0.0
99.330161950953,55.66060272612,0.0
100.3405885025,56.716993566431,0.0
99.248395142176,56.746579780068,0.0
98.199060273105,56.775200067222,0.0
103.77530868196,57.231081605881,0.0
103.94269020602,59.067077099309,0.0
103.83141358598,58.154670770199,0.0
102.08290436768,59.304210864325,0.0
102.61291675336,57.415298509942,0.0
102.66861236566,58.313125144861,0.0
102.93820757034,59.134267019893,0.0
103.86412181018,54.30704164146,0.0
103.81393419001,55.294206143792,0.0
102.74670115242,54.405778084003,0.0
102.67906904316,55.429991022265,0.0
103.77470897418,56.287451558376,0.0
102.62529325077,56.460017560138,0.0
101.30859658352,58.789075978012,0.0
101.36810560162,57.69290512463,0.0
101.43616274198,56.641723063741,0.0
101.52622627635,55.55855759834,0.0
101.61584232425,54.477407268922,0.0
98.378506717844,53.549133374665,0.0
99.469213750664,53.49140846585,0.0
100.58094860264,53.433085123319,0.0
101.68013630833,53.390228267433,0.0
102.81050450364,53.366523542526,0.0
103.91267833804,53.306112167666,0.0
92.918966044645,51.35375506693,0.0
93.05281340839,53.193697957332,0.0
92.995739453007,52.269064853595,0.0
90.950419922065,51.572796517566,0.0
90.988466405969,53.419857535936,0.0
90.96929910328,52.494553449604,0.0
91.949090943725,51.46087054362,0.0
91.981929970511,52.381139608961,0.0
92.014992218797,53.308817577804,0.0
92.808486519229,48.587731425857,0.0
92.843760934021,49.513191976062,0.0
90.892440919205,48.804842049166,0.0
90.912378576863,49.72990281897,0.0
91.851798830156,48.696710088984,0.0
91.883447753702,49.622000429462,0.0
92.876629497174,50.431552605618,0.0
91.916263537758,50.541157492942,0.0
90.931547279332,50.651318233242,0.0
96.244201083156,52.672436184162,0.0
95.175626840398,52.828581459348,0.0
94.611012973698,51.103485261189,0.0
96.306230655546,51.621343211885,0.0
95.2112119939,51.759540424973,0.0
96.572187285251,48.301039492169,0.0
96.553722194788,49.390478222937,0.0
94.703444138446,48.414107472873,0.0
94.731806694063,49.384939753238,0.0
95.637845168702,48.354837531417,0.0
95.643761995269,49.411974314389,0.0
96.480797985183,50.473489062483,0.0
95.586947518154,50.491431251213,0.0
94.727827902129,50.307883733758,0.0
94.119054327416,53.043878522958,0.0
94.06906286298,52.141294799184,0.0
93.843474998498,51.252654607464,0.0
93.817937182784,50.326324803077,0.0
93.801923483703,49.41686686229,0.0
93.764082732298,48.48717625216,0.0
93.036240318412,58.032329683633,0.0
93.020695040454,59.015722267991,0.0
91.007041875844,58.110060001029,0.0
91.005718414844,59.054454810703,0.0
92.022029343761,58.071872455355,0.0
92.013610119608,59.035451097998,0.0
93.07970213996,55.093281955196,0.0
93.066391444798,56.065165314278,0.0
91.008953169042,55.282321523861,0.0
91.009047716467,56.221595980205,0.0
92.044031613546,55.18967868133,0.0
92.0379366277,56.144769227653,0.0
93.051320326536,57.048992024486,0.0
92.029985848477,57.108481933226,0.0
91.008046138653,57.165909583857,0.0
96.044106981205,58.955105076766,0.0
95.034858847134,58.975676829059,0.0
96.083471819856,57.911137067969,0.0
95.064646287224,57.952063524631,0.0
96.200187935439,54.779762999998,0.0
96.161419010261,55.821437430693,0.0
95.15246635696,54.887608637058,0.0
95.123262574013,55.903568436203,0.0
96.12245550288,56.866833637563,0.0
95.093962119315,56.92823165481,0.0
94.02777796816,58.995797511629,0.0
94.050445989596,57.992393373279,0.0
94.072645774155,56.988908598167,0.0
94.094833451567,55.984765050207,0.0
94.115867800813,54.993278032098,0.0
91.00403516777,54.346344407807,0.0
92.040421344941,54.240009408701,0.0
93.082000310341,54.128015518277,0.0
94.125457378114,54.008358267473,0.0
95.173926770994,53.875183376877,0.0
96.231442213906,53.739431942771,0.0
97.509823984714,48.242188347611,0.0
97.48181542668,49.324084831781,0.0
97.428822182448,50.40091888753,0.0
97.350608594546,51.49550728243,0.0
97.315716692595,52.554092932715,0.0
97.294037547124,53.622671319666,0.0
97.252021138555,54.685267025267,0.0
97.202952133422,55.748173600388,0.0
97.153327764281,56.811844150513,0.0
97.103680122334,57.874177447901,0.0
97.053725676632,58.936393425115,0.0
100.7316375729,38.261377555357,0.0
100.78250876588,39.32033031712,0.0
98.610172359985,38.710518598891,0.0
98.633192895231,39.748383689536,0.0
99.64181592258,38.490033462316,0.0
99.681247787442,39.5384210888,0.0
100.48922610678,35.102569619855,0.0
100.54374063452,36.147200699732,0.0
98.536368344816,35.596866407194,0.0
98.561256728188,36.63273093388,0.0
99.51525169083,35.344919938446,0.0
99.558622334747,36.39186726951,0.0
100.61616761475,37.220616364884,0.0
99.600210623263,37.440576611712,0.0
98.585714787361,37.671429176031,0.0
104.27929813836,36.928883244109,0.0
104.0971475976,38.856240265714,0.0
104.166099136,37.902736980841,0.0
102.57459692138,37.270195629871,0.0
103.36116498114,37.176329629432,0.0
103.08665472448,38.128513631364,0.0
103.0124471302,39.053085974185,0.0
104.30261651004,33.989900654751,0.0
104.32293078816,34.964248654622,0.0
102.4098334692,34.574466084008,0.0
102.45475911883,35.552592560299,0.0
103.35653573804,34.281649459549,0.0
103.39189092624,35.251464727096,0.0
104.33292810536,35.951484126022,0.0
103.42478162537,36.222039471543,0.0
102.4941860131,36.508809846901,0.0
101.86291149138,39.152781154538,0.0
101.83905625905,38.057177664693,0.0
101.57222977185,36.967157071986,0.0
101.51596376262,35.874468371902,0.0
101.45939876921,34.853150692557,0.0
100.58532145828,44.691301262408,0.0
100.5234188531,45.776130142894,0.0
98.536777327433,44.971974482347,0.0
98.506579971592,46.027809324005,0.0
99.52591031306,44.839674406152,0.0
99.47684834102,45.911269985735,0.0
100.75047266584,41.460315932748,0.0
100.68953207054,42.539649587835,0.0
98.627133788258,41.829669402259,0.0
98.598005358136,42.876550796162,0.0
99.673171798469,41.646812142089,0.0
99.625581244917,42.710640614796,0.0
100.6315459288,43.620170652676,0.0
99.575756023142,43.775807794068,0.0
98.567402741541,43.92470430152,0.0
103.96294917572,43.742133158356,0.0
104.13402713806,45.574796906614,0.0
104.02330353325,44.658350778548,0.0
102.34336198074,46.030167934468,0.0
102.83481808636,44.053380466413,0.0
102.89662414774,44.939243690524,0.0
103.16053467293,45.763122497978,0.0
104.02381127324,40.81822350705,0.0
103.98412177281,41.807264489853,0.0
102.93096477544,41.056522367298,0.0
102.87727189002,42.078386869302,0.0
103.95492466204,42.800803724766,0.0
102.83680727921,43.104434738061,0.0
101.60041072446,45.566142401967,0.0
101.64153194837,44.462396735546,0.0
101.68995338284,43.419736605354,0.0
101.75887782944,42.343794055846,0.0
101.82741260108,41.270338502211,0.0
98.644456606954,40.786473854524,0.0
99.701416777302,40.588226938264,0.0
100.79242537954,40.383167101426,0.0
101.87114933688,40.19478526983,0.0
102.98103029254,40.020867758755,0.0
104.0618821035,39.816129734052,0.0
92.747013937589,39.972022230823,0.0
92.750208958466,40.935398831706,0.0
90.81667213699,40.392218970206,0.0
90.81749057962,41.3297263118,0.0
91.788221750522,40.180213191658,0.0
91.79246479562,41.130378682733,0.0
92.736772429282,37.08481599641,0.0
92.740619540396,38.04503606557,0.0
90.814466478486,37.579227661367,0.0
90.815598641738,38.516239351543,0.0
91.774983629465,37.33177651816,0.0
91.77973287342,38.27973239803,0.0
92.7438174649,39.008567975577,0.0
91.783977776456,39.229997763562,0.0
90.816134659441,39.4543048108,0.0
96.600951597009,39.138540940677,0.0
96.604277928552,40.154388218283,0.0
94.664612885894,39.556289255846,0.0
94.665714886679,40.546249484989,0.0
95.623419598168,39.348747253355,0.0
95.623476603428,40.352080000462,0.0
96.588776831722,36.09744031678,0.0
96.59357711693,37.10620191507,0.0
94.660356339148,36.591119040133,0.0
94.662401367793,37.575968245939,0.0
95.62215139577,36.344382556108,0.0
95.62329647855,37.341596771413,0.0
96.597269949633,38.122402819274,0.0
95.623359556544,38.345252843792,0.0
94.663508379601,38.56619550962,0.0
93.707958997096,40.740689097224,0.0
93.70581099105,39.764047583568,0.0
93.703661007678,38.787300555529,0.0
93.701509046977,37.810448012721,0.0
93.698563341589,36.837930178427,0.0
92.766162285826,45.751117034654,0.0
92.769543843199,46.705892708757,0.0
90.853115414162,46.010602478594,0.0
90.861837755823,46.944560331708,0.0
91.813666086741,45.880457097243,0.0
91.817860213087,46.825149218057,0.0
92.756594644803,42.861919071983,0.0
92.759785310271,43.825062712174,0.0
90.826782359482,43.202132595756,0.0
90.835340508708,44.138089409358,0.0
91.800948098932,43.03055985547,0.0
91.805188357152,43.980575537958,0.0
92.762974523944,44.788128699598,0.0
91.80942768642,44.930541285078,0.0
90.844225527063,45.074311188442,0.0
96.585658749775,45.236717307672,0.0
96.581017437597,46.255481750905,0.0
94.671187308135,45.494047887474,0.0
94.673564058369,46.475598570649,0.0
95.623716084444,45.366318811712,0.0
95.624998780763,46.365670162049,0.0
96.602306428813,42.186255320273,0.0
96.597002193663,43.203150958661,0.0
94.66791137174,42.525769393514,0.0
94.669005856027,43.515329073639,0.0
95.623581504876,42.358260508742,0.0
95.623629401074,43.361108270633,0.0
96.591337890855,44.220090943081,0.0
95.623674260928,44.363794371503,0.0
94.670097834823,44.504755238169,0.0
93.721702618542,46.588451846934,0.0
93.718669367611,45.622313963228,0.0
93.716531248122,44.646200015714,0.0
93.714391151331,43.669980555742,0.0
93.712249077232,42.693655582926,0.0
90.820141788933,42.26631217678,0.0
91.796706911756,42.080494237199,0.0
92.753402527536,41.898697778627,0.0
93.710105025822,41.717225096882,0.0
94.666814381959,41.536076197421,0.0
95.623530572329,41.355251085471,0.0
96.605499556279,41.170002620474,0.0
97.55779693091,35.850030362192,0.0
97.567878579994,36.871562565262,0.0
97.577209655474,37.899943011294,0.0
97.586540914475,38.928386166802,0.0
97.595206872121,39.955909192905,0.0
97.599019590055,40.982937113192,0.0
97.591175633595,42.011929899478,0.0
97.578457492898,43.042798617051,0.0
97.565058925449,44.074400691393,0.0
97.551651535776,45.105502953317,0.0
97.538692722925,46.143616508705,0.0
104.19087927763,46.520276494256,0.0
103.23281192964,46.678203124553,0.0
102.27825117862,46.82867184171,0.0
101.33397393813,46.768339539838,0.0
100.41459262537,46.862722426663,0.0
99.440545721393,46.986762037659,0.0
98.482005921555,47.088078194392,0.0
97.525553978446,47.185602769859,0.0
96.577336559919,47.274728819261,0.0
95.629314212689,47.362249954013,0.0
94.681856405493,47.452400969141,0.0
93.732751730361,47.548909439502,0.0
92.779592932939,47.656654096006,0.0
91.827176066971,47.767704631192,0.0
90.873344328404,47.877901226228,0.0
115.20389229743,51.611181560187,0.0
113.24598462945,51.64765547538,0.0
114.23422083198,51.621009640516,0.0
115.3394896152,49.424583832738,0.0
113.345190884,49.521996196259,0.0
114.35722998096,49.460906194802,0.0
115.27117179658,50.523461888432,0.0
114.29551719874,50.544886178927,0.0
113.29561326603,50.586953070414,0.0
115.54455085794,46.133464233992,0.0
115.47435375847,47.229623284648,0.0
113.49177437487,46.325081759491,0.0
113.4444722611,47.388572102458,0.0
114.53958637814,46.21226387469,0.0
114.48081304238,47.290099377519,0.0
115.40806238286,48.325408679755,0.0
114.41895493725,48.375856800635,0.0
113.39474894991,48.455864053288,0.0
119.04170989479,51.912024379686,0.0
117.12945757322,51.725463725928,0.0
118.08721454484,51.819119996544,0.0
119.08598323832,49.863113208177,0.0
117.24848535778,49.57593130046,0.0
118.17630898909,49.720498901816,0.0
119.06315122136,50.889916796871,0.0
118.13068567831,50.774136095817,0.0
117.18779208096,50.656871331968,0.0
119.13506059413,47.840075819212,0.0
117.36227347076,47.475090568065,0.0
118.26682830492,47.673886002478,0.0
119.07845498721,45.875217780018,0.0
117.43403901123,45.761039335552,0.0
118.19133507035,45.779593520671,0.0
119.14583606955,46.843639111176,0.0
118.29547007138,46.706884772325,0.0
117.39522388082,46.513144347898,0.0
119.10892486327,48.83630728332,0.0
118.22215488063,48.666856231467,0.0
117.30961565606,48.494689577928,0.0
116.17337643913,51.645644990009,0.0
116.24404266062,50.559153241801,0.0
116.31683246883,49.459249546916,0.0
116.39001260932,48.359133219173,0.0
116.45487825416,47.280192596266,0.0
116.50676726721,46.186247345784,0.0
115.01808301452,58.962575269801,0.0
113.02783489311,58.962419398258,0.0
114.02376794323,58.962006386158,0.0
115.05546294528,56.884837812283,0.0
113.08255225696,56.884217058596,0.0
114.07131559293,56.882602950895,0.0
115.03673154827,57.924032516251,0.0
114.04753035652,57.922742148561,0.0
113.05524411104,57.923768395436,0.0
115.11370130526,53.752585108654,0.0
115.09297439695,54.805175549576,0.0
113.16580024776,53.756431722112,0.0
113.13713267101,54.802923357464,0.0
114.14465863541,53.749758148409,0.0
114.11891972882,54.800462613142,0.0
115.07421056705,55.845218697088,0.0
114.09511205384,55.84184304333,0.0
113.10984837926,55.843935483393,0.0
119.00144198587,58.991756741207,0.0
117.00810810539,58.974142754749,0.0
118.0043037212,58.982905518952,0.0
119.00815345068,56.974124439079,0.0
117.02871448153,56.920959931634,0.0
118.01772844207,56.947391726749,0.0
119.00472624663,57.983062514439,0.0
118.01089251361,57.965263262559,0.0
117.01830317218,57.947664627317,0.0
119.01836666104,53.944122849127,0.0
119.0150798325,54.956247318818,0.0
117.06083827548,53.83009806551,0.0
117.04967125592,54.867519257979,0.0
118.03866312775,53.886887802112,0.0
118.0315449886,54.911647235058,0.0
119.01160464596,55.965186040738,0.0
118.02461260038,55.92951971784,0.0
117.03917051616,55.894245000286,0.0
116.01267710185,58.96659499171,0.0
116.02681381959,57.932354037888,0.0
116.04112357385,56.897783464104,0.0
116.05548675131,55.863094047233,0.0
116.06990333952,54.828285814387,0.0
116.08587063474,53.780157249565,0.0
113.20005721847,52.706554414024,0.0
114.17946387253,52.69383032434,0.0
115.14557549051,52.69382917751,0.0
116.11418992066,52.726139267032,0.0
117.0818227729,52.788788187894,0.0
118.05281084049,52.860298412164,0.0
119.02502515639,52.93166881283,0.0
108.20341498721,49.985518187745,0.0
108.16340188184,51.992550029864,0.0
108.18341363198,50.98931201447,0.0
106.14801427955,50.187055048333,0.0
106.09930693519,52.155337593263,0.0
106.12433184723,51.171633329166,0.0
107.1665761897,50.085730980616,0.0
107.15025468039,51.079174052692,0.0
107.13392418664,52.072136030674,0.0
108.26265998027,46.971389811509,0.0
108.24338651264,47.976263092382,0.0
106.18906417651,47.231795875749,0.0
106.17957404184,48.215931652609,0.0
107.21501938761,47.103047941835,0.0
107.19919225469,48.097401545987,0.0
108.22340594747,48.98116854771,0.0
107.1828887145,49.091806812397,0.0
106.16753102123,49.201564970271,0.0
111.24111446301,51.755288145379,0.0
110.22235973622,51.833377837825,0.0
111.30690553261,49.685897114492,0.0
110.27709509708,49.785092359002,0.0
111.27400210787,50.721012591006,0.0
110.24973402442,50.809587721576,0.0
111.40403376419,46.576521383863,0.0
111.37266875482,47.613201786166,0.0
110.35794341507,46.708073268855,0.0
110.33177759536,47.733985887457,0.0
111.33979448266,48.649960161836,0.0
110.3044429541,48.759891748247,0.0
109.19288040646,51.912963964956,0.0
109.21657342152,50.899449903385,0.0
109.24025463132,49.885305313071,0.0
109.26392403576,48.870530192098,0.0
109.28758163474,47.855124538548,0.0
109.31030133026,46.839731586242,0.0
108.0631872111,57.00040300596,0.0
108.02280528903,59.000002383552,0.0
108.0431130936,58.000306194779,0.0
106.01119123739,57.060565749567,0.0
106.00622593672,59.018633812308,0.0
106.00892825187,58.039410568624,0.0
107.05213695441,57.029729580572,0.0
107.03575255587,58.019805036784,0.0
107.01913516281,59.00973293834,0.0
108.12334719728,53.997358634564,0.0
108.10330426304,54.998929227816,0.0
106.0508141082,54.121061696249,0.0
106.03073582699,55.102184912069,0.0
107.10123624618,54.056616712524,0.0
107.08487879965,55.04813542047,0.0
108.08325093428,55.999944017627,0.0
107.06851236903,56.039173042476,0.0
106.01659068542,56.082253643091,0.0
111.0315809611,58.971428886097,0.0
110.03014750242,58.98054125166,0.0
111.09035412223,56.913593461996,0.0
110.08529006591,56.941749788887,0.0
111.06107368096,57.942702962404,0.0
110.05783648675,57.961308465971,0.0
111.17834637746,53.821536565686,0.0
111.14887512266,54.853127645472,0.0
110.16757151363,53.878842338746,0.0
110.14015757946,54.900516727114,0.0
111.11962120893,55.883735018214,0.0
110.11273043019,55.921485876547,0.0
109.02647607518,58.990271821254,0.0
109.05047441133,57.980807337697,0.0
109.07423825582,56.971076408513,0.0
109.09799029565,55.960714962022,0.0
109.12173053074,54.949722996323,0.0
109.14545896096,53.938100509516,0.0
106.07409513323,53.13815744742,0.0
107.11758470854,53.064616916604,0.0
108.14337973692,52.995232235904,0.0
109.16917558624,52.925847499696,0.0
110.19497223259,52.856462709598,0.0
111.20882806828,52.788930729559,0.0
112.44959777274,46.447166249,0.0
112.41243358398,47.495661595096,0.0
112.37318360328,48.545181689635,0.0
112.3339169727,49.593736462797,0.0
112.29463374573,50.641325502032,0.0
112.25521776714,51.687320209796,0.0
112.21713454442,52.732666596524,0.0
112.18373108755,53.77503048166,0.0
112.15279902476,54.81570520853,0.0
112.12257326005,55.854059613541,0.0
112.09233383104,56.891630407452,0.0
112.06208070303,57.928417673843,0.0
112.03164381873,58.964553071659,0.0
115.26858044345,34.497403320623,0.0
115.42114228542,36.661228348436,0.0
115.34726197594,35.582425758901,0.0
113.17340592336,34.832136068067,0.0
113.2800018036,36.931064110192,0.0
113.22736654986,35.883493015008,0.0
114.20267364604,34.639547823603,0.0
114.27129043046,35.708591177222,0.0
114.33782510802,36.770675777398,0.0
114.96349646618,31.250651130294,0.0
115.04238389528,32.33198023964,0.0
113.0140206675,31.698708550613,0.0
113.06603782108,32.732216957103,0.0
113.99958499748,31.458157762315,0.0
114.06576492515,32.50606170206,0.0
115.17379795618,33.410385960682,0.0
114.13418389133,33.572043829156,0.0
113.11968110339,33.781702254902,0.0
118.82579972986,36.877898069895,0.0
117.66909780271,36.767352261502,0.0
118.7669707066,34.830568691159,0.0
117.55320423567,34.666729569178,0.0
118.79136607564,35.844634808114,0.0
117.61106008237,35.7039291339,0.0
118.95307303074,30.945744932159,0.0
118.87158359474,32.876625060962,0.0
118.92950500899,31.910132188119,0.0
116.90306445077,30.961017012462,0.0
116.97765661546,32.679983905832,0.0
116.90468208599,31.885627498177,0.0
117.90425620981,30.901985858664,0.0
117.88229115403,31.826358462202,0.0
117.80652667332,32.768727358962,0.0
118.78275618056,33.83576208245,0.0
117.56404895475,33.683297138765,0.0
116.53085621718,36.677296827618,0.0
116.45474173928,35.593485356611,0.0
116.37784408573,34.512649053064,0.0
116.30127088766,33.39068653117,0.0
115.97170292701,32.202248594519,0.0
115.92850222684,31.104434836229,0.0
115.59163215318,41.913867852968,0.0
115.63418476051,43.997635258777,0.0
115.61510063262,42.951790275158,0.0
113.45012039415,42.136810935474,0.0
113.50884581706,44.21898007391,0.0
113.48000784583,43.175931168588,0.0
114.51462910119,42.001790881549,0.0
114.54238186398,43.041401087538,0.0
114.56912204633,44.088394690761,0.0
115.52015702053,38.789319485665,0.0
115.54458552946,39.838284347338,0.0
113.36053227413,39.018572864822,0.0
113.39032883801,40.059798700331,0.0
114.43104812157,38.87750996185,0.0
114.45909334076,39.923435938399,0.0
115.56812712217,40.876032613332,0.0
114.48686626468,40.962469218957,0.0
113.42022745906,41.098100167608,0.0
118.91146422502,43.958189368998,0.0
117.80400841526,43.937762761727,0.0
118.89112060343,41.967760846935,0.0
117.78401053139,41.93699103014,0.0
118.89728620653,42.977984550436,0.0
117.79636526453,42.957425342619,0.0
118.87060448177,38.930686505652,0.0
118.87874102424,39.947313069652,0.0
117.7446299177,38.86456647087,0.0
117.75920375013,39.896121788154,0.0
118.884938876,40.957537019946,0.0
117.77162335992,40.91655651181,0.0
116.71753877884,43.966816546989,0.0
116.70310935692,42.940176365726,0.0
116.68508771892,41.909847430438,0.0
116.66703381993,40.87953283923,0.0
116.64894764406,39.849232728407,0.0
116.62898755618,38.805628562914,0.0
113.3266116263,37.97770559278,0.0
114.39525137496,37.83070786387,0.0
115.48480555998,37.736566722594,0.0
116.59583961466,37.7555438753,0.0
117.71924143108,37.82711110105,0.0
118.85547946465,37.910045073613,0.0
108.18184217329,35.947274809645,0.0
108.20213041332,37.951230519896,0.0
108.19198594004,36.949239539173,0.0
106.21529551379,36.406794420316,0.0
106.19294106744,38.381598754893,0.0
106.2047517468,37.394462941877,0.0
107.19358371467,36.176839206083,0.0
107.19740824282,37.170601264272,0.0
107.20123124259,38.16427070397,0.0
108.15108837103,32.946922791846,0.0
108.16155675923,33.943424090133,0.0
106.21691482608,33.448916692958,0.0
106.22070183211,34.432180333912,0.0
107.18147071354,33.198506558752,0.0
107.18593007293,34.189037219614,0.0
108.17169911302,34.945336327786,0.0
107.18975765806,35.182984525731,0.0
106.22172053873,35.418972057931,0.0
111.21689463024,37.311217635745,0.0
110.20393235703,37.525149384738,0.0
111.15498543144,35.258072034636,0.0
110.15836261469,35.488145197864,0.0
111.18606770849,36.284539164809,0.0
110.18114489736,36.506515295722,0.0
111.09284369414,33.206420651049,0.0
110.11281358071,33.452196962645,0.0
111.06248406834,32.192422983025,0.0
110.09036994515,32.443850733504,0.0
111.12391070183,34.232032496392,0.0
110.13558550911,34.470039087904,0.0
109.20303079632,37.738190077698,0.0
109.18656483622,36.727877547135,0.0
109.17010181776,35.717710137651,0.0
109.15364174099,34.707687845859,0.0
109.13718460592,33.697810668432,0.0
109.1207214302,32.695370943123,0.0
108.25286337809,42.96157931907,0.0
108.2724682277,44.9655024405,0.0
108.26301209088,43.963727884346,0.0
106.17134123006,43.302905679689,0.0
106.19104933809,45.265525456449,0.0
106.18166640789,44.283995747476,0.0
107.22032331844,43.131228757885,0.0
107.22413714955,44.124342567144,0.0
107.22748700671,45.11695646987,0.0
108.22242147948,39.955291249336,0.0
108.23256807241,40.957361005409,0.0
106.17142652908,40.354511781104,0.0
106.16487232614,41.3391140573,0.0
107.2088726573,40.151331742885,0.0
107.2126910724,41.144723349754,0.0
108.24271537194,41.959457027381,0.0
107.21650795942,42.13802235343,0.0
106.16394379301,42.322230829937,0.0
111.40904414404,44.510829882222,0.0
110.3624338502,44.662593917789,0.0
111.35596360175,42.45198902629,0.0
110.31794730766,42.622279815135,0.0
111.38313536631,43.481362446819,0.0
110.34076582769,43.642497922619,0.0
111.27445381636,39.36594909187,0.0
111.30163824168,40.394294866214,0.0
110.24952280707,39.563209549557,0.0
110.27232579727,40.582635632158,0.0
111.32879796133,41.422966454234,0.0
110.29513396416,41.602325719508,0.0
109.31745051945,44.814048254929,0.0
109.3018883297,43.803113000863,0.0
109.28540472038,42.791929669424,0.0
109.26892405252,41.780891480593,0.0
109.25244632616,40.769998430648,0.0
109.23597154132,39.75925051592,0.0
106.18111003372,39.368061291747,0.0
107.20505271406,39.157847528909,0.0
108.21227559312,38.9532477554,0.0
109.21949969802,38.748647732791,0.0
110.22672499363,38.544047468225,0.0
111.2466185618,38.338297832576,0.0
112.03610625162,31.9434032556,0.0
112.07523750251,32.964970314902,0.0
112.11549578639,34.000300986599,0.0
112.15576671767,35.036251067541,0.0
112.19605024135,36.07281992224,0.0
112.23558855006,37.108500181403,0.0
112.2725177754,38.144307165098,0.0
112.3044501993,39.179340369234,0.0
112.33490652492,40.215335122556,0.0
112.36549907508,41.25102390944,0.0
112.39609986277,42.287141626306,0.0
112.42670892396,43.323688209047,0.0
112.45617652811,44.36137483639,0.0
118.96074082944,44.918428093546,0.0
117.87278650878,44.859018554119,0.0
116.72226123072,45.043706175814,0.0
115.62387331721,45.053931889347,0.0
114.57829660639,45.140100386643,0.0
113.52160487925,45.265406659989,0.0
112.47149127473,45.400890220485,0.0
111.42252880288,45.541548987158,0.0
110.3735404127,45.683635816272,0.0
109.3245603771,45.825564130237,0.0
108.27558106348,45.967492345811,0.0
107.22660249396,46.10942045998,0.0
106.19515178502,46.247756256917,0.0
104.9908469753,59.033918967844,0.0
104.97474210474,58.072676247661,0.0
104.9567885061,57.110554499174,0.0
104.94593127128,56.148773848091,0.0
104.95886000073,55.174670753292,0.0
104.9861569496,54.200421998621,0.0
105.02166708237,53.219721763107,0.0
105.06268002718,52.24737619487,0.0
105.10293860514,51.274711645915,0.0
105.13834792257,50.300282623097,0.0
105.16355960562,49.32330521337,0.0
105.16972135712,48.34058081979,0.0
105.17174534192,47.363728699876,0.0
105.17188383041,46.384425922994,0.0
105.15932778428,45.41564467406,0.0
105.13902370099,44.450384590786,0.0
105.1151882755,43.488357897338,0.0
105.09799272383,42.52616012842,0.0
105.10318375977,41.549672980601,0.0
105.12204411027,40.571509234396,0.0
105.14897586049,39.586245110471,0.0
105.18196025509,38.608185991696,0.0
105.21454883329,37.629853394161,0.0
105.24249259499,36.650180577612,0.0
105.26026345448,35.669494929292,0.0
105.25905859964,34.685734987652,0.0
105.25321784027,33.708262900145,0.0
90.81045121156,36.643441626235,0.0
91.767133066367,36.385871515283,0.0
92.72842553214,36.127443765441,0.0
93.68972473346,35.869064684661,0.0
94.651030639404,35.610734276289,0.0
95.612343220199,35.35245254314,0.0
96.573608235989,35.095204599926,0.0
97.535643841703,34.835810328237,0.0
98.499889719781,34.564968411718,0.0
99.461611762566,34.298911072166,0.0
100.42925447647,34.061128292294,0.0
101.40234892992,33.826567383134,0.0
102.36897381593,33.563615326383,0.0
103.33182344334,33.284545389392,0.0
104.28856670071,33.004278045892,0.0
105.24683199009,32.729399572934,0.0
106.21051396594,32.466852550957,0.0
107.17424948147,32.209603886389,0.0
108.14037005109,31.952281885522,0.0
109.10649333728,31.695048005731,0.0
110.07261933114,31.437902204887,0.0
111.0392595828,31.181157058275,0.0
112.00653815348,30.924955796472,0.0
112.97399912761,30.668854851901,0.0
113.94835546943,30.414435623326,0.0
114.92035733981,30.193391674895,0.0
115.90661051344,30.062986547065,0.0
116.9084195964,29.993802917456,0.0
117.93006375308,29.963606704894,0.0
118.96880668221,29.979316766802,0.0
79.812850057464,25.985087036056,0.0
79.803033072266,25.069325170778,0.0
81.795007201523,25.203912556679,0.0
81.764043509477,24.272918537362,0.0
80.801831010849,25.59362986409,0.0
80.789916331253,24.661014153224,0.0
79.835383241214,28.65607275597,0.0
79.828158620883,27.762301985692,0.0
81.824187304401,27.899770544193,0.0
81.818336228646,26.992946555968,0.0
80.82662261574,28.277788367876,0.0
80.818735689881,27.378840400159,0.0
79.820503619281,26.873656338297,0.0
80.810282499881,26.486190030492,0.0
81.811028226806,26.097020401634,0.0
75.88746478552,27.553846649982,0.0
75.87892191216,26.68254183977,0.0
77.834976120764,26.772493721813,0.0
77.828116307059,25.881816183463,0.0
76.846083273423,27.168443171044,0.0
76.840732044466,26.286147876207,0.0
75.85086797304,30.187161365006,0.0
75.889629171667,29.303058274777,0.0
77.852957893016,29.415466357954,0.0
77.847070485388,28.532551215507,0.0
76.86177210387,29.796575594572,0.0
76.85655955517,28.919338799065,0.0
75.897377692876,28.422952222071,0.0
76.8513210999,28.043874327686,0.0
77.841022851227,27.652498518217,0.0
78.815994098723,25.477130433024,0.0
78.823898405262,26.378041665793,0.0
78.830750380865,27.262425844393,0.0
78.837603530497,28.146872267353,0.0
78.844161636597,29.03529874797,0.0
79.354307109382,21.38097727984,0.0
79.274840856974,20.441285130981,0.0
80.204830720761,20.90657304274,0.0
80.136852463273,19.957745299992,0.0
81.88090780397,19.894544473314,0.0
81.852681023014,18.996061716284,0.0
81.037625839824,20.417349897101,0.0
80.992738136391,19.477718118501,0.0
79.620933836063,23.240544704014,0.0
80.564259569381,22.786024111227,0.0
82.070088415677,21.441939905089,0.0
81.52903026852,22.338981902418,0.0
79.463538030486,22.31959481175,0.0
80.330916901522,21.870168660446,0.0
81.131652338506,21.406152462658,0.0
81.926649964948,20.751494012813,0.0
75.783382066837,23.184347550224,0.0
75.751738572871,22.306189864463,0.0
77.596907146385,22.295438201927,0.0
77.53041630683,21.385022374666,0.0
76.693785440475,22.738858895986,0.0
76.643704987022,21.845492224622,0.0
75.844252250209,24.936216406482,0.0
77.744680753934,24.099354070931,0.0
76.790455168068,24.518217358068,0.0
75.814614190113,24.062068843862,0.0
76.74327531391,23.631989368919,0.0
77.668175841008,23.20438888602,0.0
78.410994337836,20.91868625902,0.0
78.491715449382,21.844787080011,0.0
78.58513158668,22.7695548346,0.0
78.695240305149,23.675978748854,0.0
81.69022366664,23.343229530422,0.0
80.735550627406,23.728976283174,0.0
79.757817032657,24.158373376454,0.0
78.786010866946,24.580711351606,0.0
77.806513969459,24.994141486894,0.0
76.827293293551,25.40515053233,0.0
75.867760897586,25.810735923958,0.0
86.90521097347,23.415608370776,0.0
87.053549941459,21.620079361386,0.0
86.955525952361,22.537740823325,0.0
88.815422701901,22.552292782379,0.0
88.842789732507,20.723384359571,0.0
88.829708377379,21.640081069392,0.0
87.90094317362,22.971871059472,0.0
87.929359020248,22.073463317344,0.0
87.956309394687,21.166811599299,0.0
86.834799975926,26.135853353596,0.0
86.864220974293,25.166717076066,0.0
88.769256647163,25.329880106427,0.0
88.786843305129,24.375248870103,0.0
87.815677891038,25.739042266895,0.0
87.844077655971,24.766531462315,0.0
86.888193981944,24.286261980891,0.0
87.872516049776,23.86956045926,0.0
88.801132423606,23.464017340445,0.0
83.830928722624,24.411522460426,0.0
83.763839909928,23.497155780839,0.0
85.452519851742,22.241463272521,0.0
84.832994753542,24.070994562368,0.0
84.791360906996,23.099039590299,0.0
83.834576580033,27.196422887459,0.0
83.846579309623,26.241724644956,0.0
84.837930269311,26.8634953294,0.0
84.856885363975,25.891818328667,0.0
83.85687807243,25.334309093457,0.0
84.866122823438,24.989587699421,0.0
86.190573432669,22.017927806597,0.0
85.95964288137,22.939084612716,0.0
85.914683649801,23.788944418192,0.0
85.907982613336,24.658982224194,0.0
85.877492052877,25.544018753708,0.0
85.844380819425,26.511538613105,0.0
87.079735193232,17.068716297506,0.0
87.071937820044,16.153173614832,0.0
88.824975516386,16.127329972045,0.0
88.817697314908,15.206288026603,0.0
87.951778800743,16.598218362544,0.0
87.944448140625,15.67984332641,0.0
87.103784237943,19.803436840079,0.0
87.095216615779,18.900049509914,0.0
88.846690660752,18.887561511337,0.0
88.839337633268,17.969680347872,0.0
87.973593255941,19.346899431229,0.0
87.966332992222,18.435177299764,0.0
87.087475471196,17.984360034086,0.0
87.959055592073,17.516681797343,0.0
88.832156342978,17.0484939044,0.0
83.598631653908,18.942413854515,0.0
83.584573387489,18.043274772093,0.0
85.335632039338,18.008800646722,0.0
85.326909727803,17.099377970175,0.0
84.463572547774,18.47838703233,0.0
84.454392006842,17.572252010119,0.0
83.579984613394,21.688448589077,0.0
83.610960184922,20.757145544825,0.0
85.358759619827,20.715551567087,0.0
85.352950780512,19.827973591452,0.0
84.487944154071,21.203275097798,0.0
84.481801376245,20.291025435566,0.0
83.613661569125,19.843098231038,0.0
84.472686130153,19.384662228945,0.0
85.344290712892,18.918350263866,0.0
86.199425007438,16.626351833855,0.0
86.207686263755,17.538910396944,0.0
86.215887169148,18.451582860862,0.0
86.224089202908,19.364314944968,0.0
86.233238633753,20.255710758271,0.0
88.850406267585,19.806608141172,0.0
87.974522282828,20.25978162688,0.0
87.103155885689,20.709634695817,0.0
86.244478509775,21.130324945849,0.0
85.368366611331,21.562717779341,0.0
84.510964693388,22.170100157867,0.0
83.628075648505,22.609386506276,0.0
82.825090160482,27.53538074624,0.0
82.822020612592,26.61224286926,0.0
82.81833333998,25.713666348537,0.0
82.791992565761,24.815198773055,0.0
82.74569657101,23.902979027163,0.0
82.678514118741,23.008008078631,0.0
82.635942703619,22.123906469832,0.0
82.776808192436,21.1831329335,0.0
82.768633523955,20.280486409444,0.0
82.734588554916,19.407878171651,0.0
82.715173233147,18.516973771184,0.0
79.680522479345,36.003369495891,0.0
79.704093266787,35.081628345769,0.0
81.579629611158,35.41629002387,0.0
81.612053481371,34.473187122312,0.0
80.63477353937,35.707603627332,0.0
80.663774175747,34.774868990516,0.0
79.610507920985,38.769482732145,0.0
79.633342983084,37.844799182766,0.0
81.483475031596,38.245612616406,0.0
81.515186500977,37.298895532247,0.0
80.548538702656,38.506927646144,0.0
80.576726684551,37.570614983477,0.0
79.656939051319,36.924426439054,0.0
80.605757708829,36.639518955924,0.0
81.54741563982,36.35805130995,0.0
75.855073132127,37.191488296579,0.0
75.857999959676,36.31402833347,0.0
77.772040367653,36.595654959585,0.0
77.784755187453,35.696094728646,0.0
76.8178094655,36.892174505185,0.0
76.825098169537,36.003801703491,0.0
75.846547433564,39.824125798191,0.0
75.849211724427,38.945938524238,0.0
77.734429799645,39.294857750799,0.0
77.746588257754,38.393540090126,0.0
76.796382669877,39.557677693714,0.0
76.803217377684,38.668096754853,0.0
75.852143705415,38.068791663782,0.0
76.810515868153,37.780272852774,0.0
77.759318057669,37.494803410674,0.0
78.744420245945,35.388703600379,0.0
78.726278064503,36.299386614683,0.0
78.708125810462,37.209521264835,0.0
78.689963484138,38.119107558687,0.0
78.672471585593,39.032126098208,0.0
79.798250003291,31.38782152456,0.0
79.820692527318,30.468624993745,0.0
81.754821583278,30.683052803529,0.0
81.804611936308,29.740225229182,0.0
80.779624771133,31.035737216459,0.0
80.807294518838,30.106085435633,0.0
79.751196918432,33.236093394477,0.0
81.672430118452,32.586200145842,0.0
80.721729864309,32.906941763352,0.0
79.774729781894,32.312299578151,0.0
80.750684915649,31.97174915851,0.0
81.70464278562,31.638078227734,0.0
75.869680419716,32.802620839357,0.0
75.867889890481,31.923606830153,0.0
77.835539559747,32.093735840988,0.0
77.847504289115,31.195746438922,0.0
76.854204048855,32.447565782499,0.0
76.860918398443,31.560328318771,0.0
75.863845643376,34.558638277395,0.0
77.810162355486,33.895738894204,0.0
76.839660896934,34.226232703226,0.0
75.866764415338,33.680708020414,0.0
76.846934919922,33.337036487285,0.0
77.822854703214,32.99494327411,0.0
78.834095725331,30.831845328414,0.0
78.81688823943,31.740487743574,0.0
78.798786351528,32.653364293595,0.0
78.780674389772,33.565692447762,0.0
81.643845626565,33.529750249123,0.0
80.692759617534,33.841315038267,0.0
79.727651413273,34.159202981152,0.0
78.762552354473,34.477472214042,0.0
77.797462516815,34.796122709612,0.0
76.832381980077,35.115154439061,0.0
75.860924144306,35.436411688208,0.0
87.086667869143,33.918641160746,0.0
87.100469254217,32.902092492169,0.0
88.912322422355,33.442398519547,0.0
88.90741790677,32.47599963876,0.0
87.996048034365,33.6814105389,0.0
88.000319157153,32.678694040305,0.0
87.053799970967,36.718424970368,0.0
87.064856464835,35.791947790837,0.0
88.914281606264,36.224807425385,0.0
88.913506138948,35.299492222445,0.0
87.980705576599,36.472555864428,0.0
87.985772054865,35.546624849469,0.0
87.075765632754,34.855484253894,0.0
87.990912274732,34.614141833955,0.0
88.912915312315,34.371005103004,0.0
83.440951007668,34.881283920175,0.0
83.47535006379,33.91406225858,0.0
85.26797114056,34.396415521526,0.0
85.294110842004,33.400229978294,0.0
84.358654777299,34.63695920458,0.0
84.389604737992,33.655790897898,0.0
83.344583612265,37.729478552407,0.0
83.377310334669,36.779836124501,0.0
85.199284937017,37.218670736006,0.0
85.223058190299,36.284266803732,0.0
84.272590546377,37.473687133061,0.0
84.302175705506,36.531262819966,0.0
83.409137602696,35.831025647171,0.0
84.330422609124,35.584508030864,0.0
85.245520700015,35.340667380178,0.0
86.198050096953,33.145899167212,0.0
86.17730887117,34.156976164192,0.0
86.160635074536,35.097659445184,0.0
86.143951810048,36.037828451428,0.0
86.126394119475,36.966236459022,0.0
87.035635690908,28.249226381576,0.0
89.030894809369,27.933765569548,0.0
88.878900707946,27.207384831855,0.0
87.993469579813,27.843337621728,0.0
87.182592341345,30.612782878874,0.0
89.074092290053,29.691694871107,0.0
88.965789671245,30.512187582465,0.0
88.096267148559,30.421333249051,0.0
87.207899023862,29.390531178773,0.0
88.337937437178,29.028775555819,0.0
84.311232799253,29.862201787236,0.0
83.590442238036,30.038923307759,0.0
83.825954380003,29.054277623591,0.0
84.974181018964,28.952727525441,0.0
83.512181013718,31.976267389774,0.0
85.305024916162,31.267315033462,0.0
84.403875108197,31.651776285886,0.0
83.512388692451,31.023080490397,0.0
84.384421885195,30.677880540681,0.0
85.260748262988,30.093312173672,0.0
86.008296554612,28.600916635876,0.0
86.17009789311,29.72480401092,0.0
86.223016575212,30.919699662326,0.0
88.914571174305,31.51903072843,0.0
88.020015470279,31.63800901549,0.0
87.125114550998,31.837707760084,0.0
86.218255728536,32.09500081685,0.0
85.313127478073,32.380108471833,0.0
84.410688779388,32.663299523516,0.0
83.504835090317,32.941537787512,0.0
82.416487424149,37.985777735153,0.0
82.450981805797,37.032760363414,0.0
82.485370998688,36.08455683989,0.0
82.519744047196,35.135360558876,0.0
82.555565513806,34.180747021514,0.0
82.590107197031,33.225368421609,0.0
82.612829910307,32.273232764416,0.0
82.635490174323,31.315180454308,0.0
82.700432239952,30.342300847388,0.0
82.798996822058,29.383933786928,0.0
75.855641410685,31.054301329117,0.0
76.864672915173,30.67519107268,0.0
77.855215770158,30.300686019092,0.0
78.845768099159,29.926967209126,0.0
79.836329723148,29.554034689123,0.0
80.826900464238,29.181888503667,0.0
81.826464376888,28.808682149586,0.0
82.82912902803,28.4419275077,0.0
83.848110200461,28.105799748624,0.0
84.862798553147,27.824189545805,0.0
85.866660812405,27.491427898206,0.0
86.863640361328,27.129249160353,0.0
87.836390373559,26.72818910203,0.0
88.781664455029,26.260165583033,0.0
79.621096190831,46.229852415192,0.0
79.616299211021,45.294905572,0.0
81.492623343116,45.918068431652,0.0
81.499170123603,44.953015141141,0.0
80.555275525873,46.074697321195,0.0
80.550237717303,45.125769680751,0.0
79.635874253083,49.030122090624,0.0
79.630690413581,48.099760048727,0.0
81.500024014631,48.80433665169,0.0
81.491554471421,47.848540985099,0.0
80.570889453839,48.915869344737,0.0
80.565351420105,47.972567290797,0.0
79.625893258351,47.164803907433,0.0
80.560313426807,47.023629857876,0.0
81.487921463648,46.884306916834,0.0
75.897121449131,46.850751857341,0.0
75.878126243724,45.973731876094,0.0
77.752763641243,46.541369648815,0.0
77.748445067661,45.634211824956,0.0
76.818610513358,46.69773177101,0.0
76.814529517272,45.804382168358,0.0
75.906430856256,49.493687970744,0.0
75.91138994532,48.613027844624,0.0
77.765872769867,49.2602808574,0.0
77.761401023805,48.355697770922,0.0
76.830886553463,49.37618680642,0.0
76.826772727165,48.4844427195,0.0
75.910853103804,47.730782896612,0.0
76.822691583323,47.591085288056,0.0
77.757082293291,47.448531630802,0.0
78.682368313724,45.464386289708,0.0
78.686925548542,46.385409860564,0.0
78.691482866438,47.306437834432,0.0
78.69604026741,48.227470211317,0.0
78.700868681146,49.144925940347,0.0
79.597112168878,41.555164689653,0.0
79.59274791152,40.624684041668,0.0
81.453622682722,41.10614570203,0.0
81.452029158999,40.148376410474,0.0
80.53008740667,41.330108081274,0.0
80.525607877782,40.386644338116,0.0
79.60670551453,43.425025832749,0.0
81.482566121391,43.031624331532,0.0
80.540162377258,43.227929088559,0.0
79.601908797849,42.490092936683,0.0
80.535124845782,42.279016136804,0.0
81.462649802526,42.070135339569,0.0
75.849081663949,42.461470726264,0.0
75.846639622852,41.582143138809,0.0
77.731171557997,42.005622110729,0.0
77.727030454419,41.101009187417,0.0
76.798206271698,42.231022901618,0.0
76.794173030084,41.339294679392,0.0
75.854665171636,44.220728190162,0.0
77.739808155896,43.819908651608,0.0
76.80636774673,44.017694706223,0.0
75.851489114946,43.341519136247,0.0
76.802286972276,43.124356846731,0.0
77.735489817714,42.912763302111,0.0
78.6598887597,40.862805649452,0.0
78.664140205221,41.780336036347,0.0
78.668697107731,42.701341995186,0.0
78.673254093318,43.622352357023,0.0
81.498648435315,43.990842832631,0.0
80.545200001098,44.17684693654,0.0
79.61150231892,44.359963377853,0.0
78.677811161983,44.543367121863,0.0
77.744126572546,44.727058159221,0.0
76.810448595062,44.911036480097,0.0
75.862092371169,45.098093812183,0.0
86.916799439083,45.652887931986,0.0
86.809929650409,43.882753156904,0.0
86.876146445938,44.767437200695,0.0
88.87971157741,45.362424099693,0.0
88.823722045592,43.547786648658,0.0
88.851001594383,44.453984032202,0.0
87.880587589306,45.50883895549,0.0
87.836689393985,44.61448069083,0.0
87.794936182499,43.72323498627,0.0
87.06324548544,48.300534385384,0.0
87.01040462543,47.419389094254,0.0
88.96577051386,48.090348853896,0.0
88.937193452131,47.180775568742,0.0
88.011157792038,48.194898109883,0.0
87.968438630899,47.300025221121,0.0
86.958956497108,46.535949625748,0.0
87.924504006298,46.404020509761,0.0
88.908436077308,46.27136189199,0.0
83.337386017622,45.672472311837,0.0
83.390855747228,44.63844034691,0.0
85.080576538569,45.736101421499,0.0
85.153341451813,44.085926969024,0.0
85.08926508762,44.845584523978,0.0
84.214050362854,45.645712174647,0.0
84.25649073651,44.589001950062,0.0
83.342353715316,48.623016385916,0.0
83.317672639424,47.663935713812,0.0
85.185107497259,48.480904241126,0.0
85.130966269159,47.577239787586,0.0
84.259758699693,48.552525323642,0.0
84.218216941121,47.61380205684,0.0
83.309200704318,46.685068842195,0.0
84.194107737245,46.65151706484,0.0
85.087506823284,46.660130556819,0.0
85.886454601827,43.999162383944,0.0
85.95017362588,44.891549683905,0.0
85.965206644805,45.763607517074,0.0
85.998180696696,46.642468973264,0.0
86.054846122662,47.523626450476,0.0
86.115825766998,48.400791478698,0.0
86.945159599649,39.454338498644,0.0
86.993954072056,38.550961636657,0.0
88.877708415331,38.990318444328,0.0
88.897294530071,38.070856071493,0.0
87.903702984654,39.225362955455,0.0
87.940781079554,38.312850633528,0.0
86.729348682898,42.142192480764,0.0
86.825963617826,41.249014700462,0.0
88.816451189685,41.732812531143,0.0
88.836137692826,40.819822203672,0.0
87.790216994623,41.935204592084,0.0
87.826913344411,41.033160495857,0.0
86.895945704375,40.348086965531,0.0
87.865315279435,40.129731083712,0.0
88.856925411103,39.905372291823,0.0
83.268084109697,40.607028702044,0.0
83.287022282979,39.629600611588,0.0
85.067938092223,39.97547491316,0.0
85.121337565152,39.06742604897,0.0
84.158210053409,40.307340022021,0.0
84.199834873158,39.348798174977,0.0
83.417022984713,42.594046634833,0.0
85.104159744006,41.553398854687,0.0
84.45882055767,42.352332497239,0.0
83.296040379748,41.608225574817,0.0
84.151797377597,41.319162264023,0.0
85.032689224164,40.835010483781,0.0
86.048353015907,38.797674749086,0.0
85.990406631969,39.693036215422,0.0
85.948251085724,40.561467134197,0.0
85.875114356414,41.451036122846,0.0
85.636845644801,42.336516925289,0.0
88.807167547368,42.642005709877,0.0
87.770700117508,42.831948966023,0.0
86.720617037539,43.014702331552,0.0
85.644580332212,43.162670130148,0.0
84.504105100314,43.436488693381,0.0
83.46053497727,43.603906235875,0.0
82.425347482187,48.702517148783,0.0
82.413230908172,47.737785238063,0.0
82.412424478386,46.759933096578,0.0
82.432618294125,45.771221214729,0.0
82.457151814006,44.784981941843,0.0
82.46481568719,43.802687653866,0.0
82.431153154264,42.829293071299,0.0
82.388065875182,41.850773560673,0.0
82.372298562972,40.872078667084,0.0
82.374321661433,39.900286704426,0.0
79.870604309167,56.345130597432,0.0
79.837463868368,55.432607880333,0.0
81.832381496939,56.269873886752,0.0
81.789689108401,55.339064726189,0.0
80.846965360845,56.307268460406,0.0
80.807931084753,55.385588862339,0.0
79.96984032828,59.086370594557,0.0
79.936925060168,58.17225693339,0.0
81.959896219432,59.067053453504,0.0
81.91747746479,58.134033198464,0.0
80.963898416732,59.076765928973,0.0
80.925081439575,58.153115859038,0.0
79.903758039854,57.258346946297,0.0
80.886015479221,57.22977745724,0.0
81.874921022821,57.201490639127,0.0
75.983892518987,56.511559197214,0.0
75.987575272125,55.623234895093,0.0
77.917901898594,56.421572467288,0.0
77.896552344962,55.527538073806,0.0
76.941560701656,56.460152190664,0.0
76.926108196908,55.575449237663,0.0
75.975365308428,59.120311119306,0.0
75.915894505529,58.255935498419,0.0
77.981732919966,59.105761637045,0.0
77.960625446157,58.210901277212,0.0
76.987683743501,59.115548011503,0.0
76.972482379653,58.230404541798,0.0
75.92566866765,57.389539580786,0.0
76.957018762604,57.345137289596,0.0
77.939259599045,57.31602686608,0.0
78.867004262639,55.479924286042,0.0
78.89424979547,56.383231934593,0.0
78.921506053024,57.287096750414,0.0
78.948773035092,58.191518740241,0.0
78.975785139432,59.096035830978,0.0
79.705035009288,51.789453201002,0.0
79.672683308932,50.875122443261,0.0
81.585529606255,51.625228687029,0.0
81.546393205346,50.69105823832,0.0
80.651952409403,51.707164334318,0.0
80.613791335441,50.783285810498,0.0
79.771222857476,53.609643315682,0.0
81.688648189657,53.482743698241,0.0
80.729910060652,53.544717837789,0.0
79.73812228791,52.699201455293,0.0
80.690923313264,52.625526398988,0.0
81.631839590849,52.553979688455,0.0
75.921889578998,52.123839548206,0.0
75.910792605674,51.24838888194,0.0
77.811235601785,51.955600413115,0.0
77.790477096357,51.060460225898,0.0
76.864353741914,52.039458739001,0.0
76.849379123545,51.153961314827,0.0
75.945550038093,53.874186623543,0.0
77.853877678784,53.740729274757,0.0
76.895219856409,53.806889740214,0.0
75.933840744425,52.998599031776,0.0
76.87978402086,52.923033181203,0.0
77.832552566557,52.847954855235,0.0
78.731578527645,50.967513925388,0.0
78.758129382795,51.872265230442,0.0
78.785332014605,52.773344276912,0.0
78.812545371993,53.674980463892,0.0
81.743751257622,54.41040502448,0.0
80.768912651252,54.464738656856,0.0
79.804336717716,54.520778788559,0.0
78.839769454742,54.577173798041,0.0
77.875210938305,54.633923678625,0.0
76.910661248459,54.691028423277,0.0
75.961884548738,54.746550697217,0.0
86.897330252992,56.262805502091,0.0
86.878031187475,55.347198209808,0.0
88.949944063941,56.285966690579,0.0
88.938914148875,55.364088364874,0.0
87.922664821508,56.27475210001,0.0
87.905896425032,55.354622010823,0.0
86.973620236442,59.064317919024,0.0
86.94812109213,58.129825026114,0.0
88.987353375608,59.07032452421,0.0
88.974905158663,58.141849833684,0.0
87.97988310641,59.067460221031,0.0
87.960739279878,58.13603311398,0.0
86.922721281467,57.19609125665,0.0
87.941699090873,57.205244354146,0.0
88.962423050442,57.213834080662,0.0
83.831576192802,56.237030830582,0.0
83.786416376083,55.287198199566,0.0
84.846743934569,56.243237923527,0.0
84.806791267643,55.294409739681,0.0
83.957778313512,59.057727303519,0.0
83.915673086673,58.11645002523,0.0
84.961114458677,59.059099643015,0.0
84.922926013528,58.119549530095,0.0
83.873615751893,57.17628010845,0.0
84.884827592084,57.181011386225,0.0
85.834944615586,55.333599547881,0.0
85.872023237788,56.252300776699,0.0
85.903764062214,57.18801360068,0.0
85.935516616902,58.124330498107,0.0
85.967363973481,59.061531059541,0.0
87.051572356141,50.935498973428,0.0
87.084607554331,50.06014782425,0.0
88.976423172487,50.819872894187,0.0
88.986514162605,49.911839449043,0.0
88.003623041501,50.878543952277,0.0
88.029493378681,49.986721072277,0.0
86.957955539271,53.555028103379,0.0
87.000163907077,52.669876591405,0.0
88.941558402308,53.536944070744,0.0
88.953453917616,52.628906869388,0.0
87.919815308593,53.544193416794,0.0
87.947979665626,52.650750452132,0.0
87.021444304232,51.801484635672,0.0
87.975806883692,51.76499786482,0.0
88.964941040195,51.72457695436,0.0
83.408945962628,51.426454863974,0.0
83.386436645733,50.479424381102,0.0
85.19178173659,51.144771866861,0.0
85.216045302184,50.24613190795,0.0
84.295955288761,51.295608997284,0.0
84.297863955028,50.361561310912,0.0
83.56619046206,53.36281626946,0.0
85.325423120879,53.587731818364,0.0
85.226152876505,52.879011219805,0.0
84.415332755983,53.239514943621,0.0
83.455005310445,52.37743749051,0.0
84.317780799483,52.23131994523,0.0
85.183379815695,52.015635984103,0.0
86.14050678503,50.141754411674,0.0
86.102306429848,51.01208713442,0.0
86.073682212442,51.861729205412,0.0
86.079589095502,52.709136976645,0.0
86.050876689484,53.58214230991,0.0
88.933816319424,54.445595377658,0.0
87.900290137983,54.439973000841,0.0
86.889816944974,54.440190236067,0.0
85.849243878115,54.455645232854,0.0
84.744636597468,54.298747828463,0.0
83.711605768258,54.330282721226,0.0
82.956299034843,59.059374598345,0.0
82.911421648836,58.119185593322,0.0
82.866535338266,57.179882622214,0.0
82.821669084577,56.241578050001,0.0
82.777287766422,55.301088601671,0.0
82.725542292085,54.363242368036,0.0
82.648975801036,53.422573745006,0.0
82.567960929476,52.477620983802,0.0
82.512598363253,51.536368206509,0.0
82.473758393373,50.592368320395,0.0
75.904091369735,50.372488440906,0.0
76.837103169092,50.267272121392,0.0
77.773632902357,50.16369368568,0.0
78.710167898926,50.06069136836,0.0
79.646708103243,49.958265170668,0.0
80.583253462494,49.856415093675,0.0
81.515179642858,49.755427078173,0.0
82.44421314474,49.655609798886,0.0
83.367526403965,49.558606420946,0.0
84.291921810714,49.463233154643,0.0
85.221844051186,49.368608552489,0.0
86.155429544446,49.27515463921,0.0
87.098333247068,49.183119630865,0.0
88.039580890184,49.09244044055,0.0
88.98715883325,49.001875930759,0.0
75.845156335412,40.702568607973,0.0
76.792240895963,40.447435440096,0.0
77.726176193151,40.196329309419,0.0
78.660107052065,39.945283690985,0.0
79.594033418313,39.694298592868,0.0
80.527955240185,39.443374022138,0.0
81.458751235837,39.192651467463,0.0
82.387558850364,38.938863574053,0.0
83.312844900504,38.67792284339,0.0
84.239146461097,38.413466895028,0.0
85.16836001945,38.149461321476,0.0
86.099342447291,37.890905351517,0.0
87.034923980474,37.642530685154,0.0
87.969687965293,37.397743401645,0.0
88.911415160722,37.150130007108,0.0
65.200692762115,38.739685006878,0.0
64.489126704971,38.947963976689,0.0
65.226253181931,38.029620400933,0.0
64.401407219529,38.149805473521,0.0
65.309372575915,36.136637651316,0.0
64.407895140531,36.427402138166,0.0
65.236959793767,37.079845044973,0.0
64.403061106624,37.283516035788,0.0
67.427057867785,37.233153073142,0.0
66.917137246884,37.996808700849,0.0
67.231127653532,36.093999050408,0.0
66.735663751875,36.241843402149,0.0
67.086957944888,34.880867309245,0.0
67.342335695415,36.644207882585,0.0
66.634502069647,37.038521373903,0.0
66.017823945599,38.097633561562,0.0
65.946648482232,37.000032331313,0.0
66.28557674837,35.756321274691,0.0
64.941836838685,42.837499369294,0.0
64.910777584365,42.027393323975,0.0
64.855578204972,40.414196460893,0.0
64.879032212325,41.217791255792,0.0
66.945130879062,42.299728332664,0.0
66.92840966888,41.480363850737,0.0
66.893686188557,39.825980611757,0.0
66.911156789651,40.666670509771,0.0
65.941675219346,42.568221110056,0.0
65.916610889501,41.753505448763,0.0
65.891011403146,40.941871139277,0.0
65.866845758715,40.100257316857,0.0
64.780070392832,39.670349512363,0.0
65.859698153722,39.187027585762,0.0
66.896422303202,38.939986350718,0.0
60.940639274921,40.13130948651,0.0
60.92681376587,39.368553185006,0.0
60.898627426706,37.846040925587,0.0
60.91274346813,38.60640560759,0.0
62.771313704676,39.456329590391,0.0
62.721529225196,38.67241342696,0.0
62.66763168074,37.094312317174,0.0
62.691421208006,37.880220625952,0.0
61.855923400411,39.798123384976,0.0
61.832571607221,39.023089760124,0.0
61.80923292968,38.248686062693,0.0
61.786042429129,37.477912711585,0.0
60.989345749467,43.953400072103,0.0
60.981429871884,43.189150496208,0.0
60.963278136131,41.659425245849,0.0
60.972387117909,42.424150154505,0.0
62.957959585905,43.394416974064,0.0
62.928523201434,42.60382456652,0.0
62.865549400932,41.021452578254,0.0
62.897847744199,41.811251493719,0.0
61.971771198117,43.680612736949,0.0
61.949461687215,42.904557737281,0.0
61.926057452562,42.127004111108,0.0
61.902666325175,41.35008053082,0.0
60.95320278836,40.894830920896,0.0
61.8792883071,40.573786965476,0.0
62.825156600437,40.236701862352,0.0
63.549606118817,36.728667403169,0.0
63.567120197906,37.536933899585,0.0
63.588623816266,38.361323009144,0.0
63.654522417445,39.15832685957,0.0
63.765071177982,39.933383732409,0.0
63.833329830513,40.711559638924,0.0
63.874528791371,41.504348896827,0.0
63.910373487848,42.308722621994,0.0
63.945138863647,43.11160776441,0.0
65.250121525666,29.52484036989,0.0
65.253328362906,30.319312724305,0.0
64.375586228349,29.979741778542,0.0
64.378264692814,30.767115594724,0.0
65.243529228894,27.93610396277,0.0
64.370045366688,28.40518233055,0.0
65.246915633492,28.730418165581,0.0
64.372908555714,29.192409982201,0.0
67.00320099171,29.422561769799,0.0
66.998765285535,28.61407759984,0.0
66.990352687298,26.997615102321,0.0
66.994645080286,27.805787661539,0.0
66.128384090519,29.871004423335,0.0
66.124651259806,29.06955979546,0.0
66.120919525674,28.26817335661,0.0
66.117012162854,27.466898766708,0.0
65.266165162527,33.497703643001,0.0
65.27016590109,34.33256300297,0.0
64.388986468963,33.917031057799,0.0
64.395507224518,34.728676328018,0.0
65.259744872584,31.908407883451,0.0
64.383623997231,32.341989286597,0.0
65.262954545023,32.703030688176,0.0
64.386304837182,33.129489162283,0.0
67.038931227318,33.465344673821,0.0
67.035789702038,32.651401870667,0.0
67.017372599969,31.037869036665,0.0
67.02656145587,31.844538694226,0.0
66.141101941899,33.918225478944,0.0
66.143326379185,33.077364825057,0.0
66.139589162146,32.275687441097,0.0
66.135853041689,31.474068246155,0.0
64.380943949108,31.554531430743,0.0
65.256536145212,31.113835228826,0.0
66.132118017813,30.672507240234,0.0
67.009046284667,30.230679588415,0.0
60.87766110817,32.533353939673,0.0
60.876986295808,31.775332779688,0.0
60.881959074483,30.266982627529,0.0
60.876311713107,31.017321540561,0.0
62.628113834507,31.661204897026,0.0
62.626499253352,30.888406946255,0.0
62.62307514301,29.342958431414,0.0
62.624885152385,30.115634480743,0.0
61.753026812681,32.107491249938,0.0
61.751947741981,31.342170623438,0.0
61.750868993067,30.576867077885,0.0
61.749588935104,29.811656083901,0.0
60.881820940226,36.325509666189,0.0
60.880362652381,35.565537843655,0.0
60.879011421508,34.04942603332,0.0
60.879686922299,34.80747697252,0.0
62.637602807435,35.531221533934,0.0
62.634576961011,34.752651552629,0.0
62.631344437382,33.20687725433,0.0
62.632960459102,33.979751660857,0.0
61.759425641518,35.937976519863,0.0
61.757346313331,35.16894456532,0.0
61.756265955491,34.403555615074,0.0
61.755185919436,33.63818374576,0.0
60.878336150101,33.291385023294,0.0
61.754106205166,32.87282895738,0.0
62.62972889585,32.434028333052,0.0
63.496560646553,28.874133833136,0.0
63.498898368456,29.654148767636,0.0
63.50104544401,30.43426398391,0.0
63.503193156434,31.214412998407,0.0
63.505341505728,31.994595811125,0.0
63.507490491891,32.774812422061,0.0
63.509640114924,33.555062831211,0.0
63.511790374826,34.335347038573,0.0
63.516857273746,35.126179081148,0.0
67.034771755848,34.242979705755,0.0
66.131657756852,34.79443339173,0.0
65.284708522091,35.192681517815,0.0
64.404150136572,35.549171777028,0.0
63.528607468681,35.917273137755,0.0
62.64668064836,36.309411200905,0.0
61.766833253778,36.706794452021,0.0
60.886734872121,37.085260516406,0.0
71.922427648426,38.378544063988,0.0
71.91829835161,37.533124665185,0.0
73.904824407009,37.786039422199,0.0
73.902124748756,36.926544406618,0.0
72.917749874598,38.080979963145,0.0
72.913793354759,37.228615925639,0.0
71.933989577784,40.919243621227,0.0
71.930688110584,40.069481392801,0.0
73.912488655327,40.366267611085,0.0
73.910224019686,39.505018457434,0.0
72.928961254878,40.641200555483,0.0
72.92566421996,39.785776731488,0.0
71.926557568084,39.223996306473,0.0
72.921706829665,38.933366898376,0.0
73.907524149385,38.645530760251,0.0
68.92694119903,39.275918843194,0.0
68.924077790494,38.455141216148,0.0
69.931826531452,38.975676672718,0.0
69.927361163541,38.144648925663,0.0
68.946675638442,41.754072809319,0.0
68.941138716836,40.92313318702,0.0
69.944051614289,41.4757164909,0.0
69.940760283698,40.637891547896,0.0
68.934432858383,40.099852217769,0.0
69.936292904837,39.806757546737,0.0
70.9228209228,37.838469009836,0.0
70.92711983572,38.676776311254,0.0
70.931419561564,39.515126532771,0.0
70.935720100332,40.353519674554,0.0
70.939019647079,41.197415630195,0.0
71.901787392754,34.151775503588,0.0
71.896069956078,33.282355910319,0.0
73.891326113413,33.488526875389,0.0
73.879484824357,32.59222601247,0.0
72.89797162767,33.819388749802,0.0
72.891139248061,32.930139084238,0.0
71.910041626501,35.842384397986,0.0
73.896725514078,35.207543201928,0.0
72.905881620762,35.523956543191,0.0
71.905914198207,34.997063529267,0.0
72.901926406603,34.671661197941,0.0
73.894025854675,34.348036945133,0.0
68.890452005761,35.160547810061,0.0
68.904744111646,34.329904120702,0.0
69.909509746647,34.821069203559,0.0
69.904815213224,33.982845699872,0.0
68.983817338294,36.790068752224,0.0
69.918433444145,36.48275281174,0.0
68.966591561764,35.949906187459,0.0
69.913971092659,35.65188444452,0.0
70.900852528915,33.634100963499,0.0
70.905633400354,34.485669001786,0.0
70.90992906158,35.323804624492,0.0
70.91422553573,36.161983166623,0.0
73.89942513176,36.067045677992,0.0
72.909837270147,36.376274785706,0.0
71.914169677635,36.687738109904,0.0
70.918522822803,37.000204628348,0.0
69.922896801106,37.313674305396,0.0
68.942821917085,37.627623987157,0.0
71.491489063952,29.775958801188,0.0
71.428161624064,28.894881169873,0.0
72.344986262886,29.340265661874,0.0
72.291062367589,28.444195475719,0.0
74.05024565163,28.395808650855,0.0
74.031279951192,27.536302962775,0.0
73.180814765858,28.889210825032,0.0
73.14758331638,27.996001973572,0.0
71.731612801811,31.542968125402,0.0
72.682322372821,31.137277547747,0.0
74.224799276072,29.89080322879,0.0
73.673304042331,30.738112676187,0.0
71.586978984464,30.666225075458,0.0
72.459205592901,30.259268070242,0.0
73.264319522094,29.835966678945,0.0
74.087091955114,29.217523310772,0.0
68.830177014988,31.010183374764,0.0
68.79551062061,30.182986330501,0.0
69.728201641925,30.610990479227,0.0
69.680457471084,29.765522118404,0.0
68.89822514355,32.669234959059,0.0
69.841260909175,32.305768908887,0.0
68.864834535881,31.842028379252,0.0
69.781759892868,31.463786680869,0.0
70.563086232462,29.337732632669,0.0
70.625979028278,30.200515899795,0.0
70.70369075687,31.073038603341,0.0
70.798895776664,31.930659553302,0.0
72.232243763114,25.027448109352,0.0
72.22804206398,24.179927255436,0.0
73.987863381908,24.096056745116,0.0
73.979220048777,23.238255330954,0.0
73.104906981064,24.563611401135,0.0
73.100858919106,23.709928053189,0.0
72.240837797176,26.73043774319,0.0
74.00435711056,25.81436864791,0.0
73.112804488241,26.276296804509,0.0
72.23630212555,25.875081840225,0.0
73.108815594678,25.4173986086,0.0
73.996323397674,24.954000451491,0.0
68.741293223703,26.880375604843,0.0
68.736630735324,26.058722450822,0.0
70.4869060445,25.954347684764,0.0
70.482404104221,25.119537899554,0.0
69.614231645024,26.417410500228,0.0
69.609583093328,25.589149292159,0.0
68.752059372085,28.528831126874,0.0
70.497146787703,27.635510041495,0.0
69.625078873466,28.083180490878,0.0
68.745793504195,27.702174497243,0.0
69.618724698235,27.24581241733,0.0
70.491256626861,26.789288769527,0.0
71.355223777121,24.64979721223,0.0
71.359576767818,25.491026878968,0.0
71.363782453211,26.33237856864,0.0
71.368803119412,27.183975521223,0.0
74.014182824481,26.674240493829,0.0
73.122264623496,27.134185334637,0.0
72.254061951042,27.584449691278,0.0
71.384458340565,28.034932556522,0.0
70.515199055143,28.481631076156,0.0
69.641372322392,28.920620677931,0.0
68.7659332673,29.354850413094,0.0
73.823463552416,31.698195164734,0.0
72.843551180036,32.039960818958,0.0
71.857250184227,32.416347897746,0.0
70.876950628007,32.786100060797,0.0
69.88896662153,33.146997269673,0.0
68.919034392103,33.50229726055,0.0
67.948040204118,42.02959385166,0.0
67.93908844645,41.205103585658,0.0
67.929267387772,40.388217365838,0.0
67.915621822715,39.563586791192,0.0
67.89460979766,38.742606785272,0.0
67.925324653142,37.932633474055,0.0
68.104237577808,37.080952301921,0.0
68.111709234308,36.223107785298,0.0
67.800136752742,35.452271196058,0.0
67.929056582895,34.647466685664,0.0
67.96681803128,33.853590652747,0.0
67.95068690632,33.049390369861,0.0
67.9356551788,32.236562694734,0.0
67.918816788979,31.420732308256,0.0
67.901836861326,30.606198048787,0.0
67.886770856262,29.79073295066,0.0
67.878057613858,28.97474014729,0.0
67.872693443018,28.158197173567,0.0
67.868244918541,27.34312631093,0.0
67.863627447309,26.528190816032,0.0
62.881607133876,48.951660235709,0.0
62.863626334842,49.743979657572,0.0
62.828481420284,51.327562583935,0.0
62.845636376918,50.535791958458,0.0
60.973795920617,49.307237499578,0.0
60.963809068251,50.07167365856,0.0
60.948165065071,51.600866942404,0.0
60.955105552294,50.836738310413,0.0
61.922741445293,49.133654097864,0.0
61.910732682427,49.911890350092,0.0
61.898717953004,50.689787859755,0.0
61.887264067486,51.467807349759,0.0
62.970435182471,44.980946645223,0.0
62.953438732058,45.777311065919,0.0
62.917541253458,47.365499974645,0.0
62.935494573105,46.571659108106,0.0
60.973652758802,45.486187523436,0.0
60.954574492023,46.251428728026,0.0
60.986248738799,47.770895576147,0.0
60.955496481112,47.012081029026,0.0
61.982119464685,45.236577710218,0.0
61.970716824825,46.017321374641,0.0
61.958731931367,46.79691274161,0.0
61.946741070081,47.576165308102,0.0
62.899578773565,48.158833679281,0.0
61.934744241284,48.355079088683,0.0
60.986108839355,48.540717672109,0.0
66.620909276233,49.920176552061,0.0
66.58617188463,50.767560590675,0.0
64.739483669014,50.227798458055,0.0
64.710925092286,51.047071709891,0.0
65.686412212379,50.073800911753,0.0
65.652151133962,50.90682564322,0.0
66.717893721536,48.219740605574,0.0
64.799349330104,48.587670458651,0.0
65.758225497112,48.405674608379,0.0
66.666823470147,49.070510441328,0.0
65.722328219174,49.24024389385,0.0
64.769424269534,49.408156400154,0.0
66.849852930839,45.668668468412,0.0
66.810122100876,46.519770971032,0.0
64.889031265358,46.121149210808,0.0
64.859152828688,46.94416687619,0.0
65.865804950096,45.895893031344,0.0
65.829963863338,46.733499188684,0.0
66.926057914252,43.968120278904,0.0
64.946743839341,44.472748697984,0.0
65.935189026574,44.220543851242,0.0
66.889002001955,44.816113544371,0.0
65.901627304937,45.057274560212,0.0
64.918894159387,45.297287612978,0.0
66.767231964869,47.36978186712,0.0
65.794104045423,47.570093043837,0.0
64.829258850047,47.766340621394,0.0
63.769701809617,51.1873173635,0.0
63.792558338129,50.381795482141,0.0
63.816523587775,49.576068330845,0.0
63.840476487431,48.769665678182,0.0
63.864417036526,47.962587511309,0.0
63.888345234488,47.154833817334,0.0
63.912261080751,46.346404583318,0.0
63.93616457475,45.537299796282,0.0
63.958512147446,44.725974309748,0.0
72.584237011033,47.661292795064,0.0
71.903750015451,47.220463957499,0.0
74.106295116549,47.189396345981,0.0
73.986978636936,46.365611865263,0.0
73.272482679491,47.388395112908,0.0
72.982940322871,46.633802446262,0.0
72.650097892637,49.951600022027,0.0
72.567514348006,49.237297287804,0.0
71.818508029291,49.579321384144,0.0
74.123796089358,49.756083735761,0.0
74.165211408168,48.892073033159,0.0
73.30703046409,49.892218126848,0.0
73.345483216793,49.041298199829,0.0
71.767084813167,48.454202280861,0.0
72.547986831081,48.407647196517,0.0
73.352223172514,48.216225035772,0.0
74.172246555235,48.033522722197,0.0
68.533740258685,48.646641125306,0.0
68.677334642991,47.753720347664,0.0
70.157254345712,48.326569391836,0.0
69.416043121262,48.420442433272,0.0
69.715531511155,47.506802536859,0.0
68.432233085669,50.438040895734,0.0
70.223113272683,50.041357494576,0.0
69.341690833417,50.24685947388,0.0
68.448412252837,49.541316640745,0.0
69.327149792758,49.33630710174,0.0
70.196957164657,49.108343943184,0.0
70.850399593285,47.531025645767,0.0
71.017330966037,48.682537233068,0.0
71.062147565457,49.804817039554,0.0
71.900281558034,43.501853869927,0.0
71.918306396562,42.636102470161,0.0
73.903828703031,42.962202252304,0.0
73.908992434977,42.095368022288,0.0
72.909511393072,43.230219571751,0.0
72.920428815736,42.364036270837,0.0
71.859984153257,45.268278755309,0.0
73.894841494337,44.692397466251,0.0
72.885842683277,44.970184408981,0.0
71.882003915342,44.370670457558,0.0
72.898554550146,44.098350717665,0.0
73.898731819474,43.829939116627,0.0
68.878310754103,44.309994770368,0.0
68.914933123834,43.448283570444,0.0
69.881789177927,44.042976475753,0.0
69.914005187759,43.179062756676,0.0
68.805212030012,46.042487085771,0.0
69.820881823058,45.793146383693,0.0
68.840623096314,45.177820074608,0.0
69.848849628166,44.912075013576,0.0
70.916164960484,42.907778044552,0.0
70.89104074902,43.772772855042,0.0
70.865435536598,44.641911905741,0.0
70.843618112667,45.547702054454,0.0
73.910172196914,45.541441284461,0.0
72.884283805022,45.83662958929,0.0
71.859010427386,46.200651170839,0.0
70.840427460048,46.47546137641,0.0
69.798847275781,46.657038681546,0.0
68.764243970327,46.898348872381,0.0
67.518893634514,50.61694937319,0.0
67.55089033233,49.749805280419,0.0
67.607596336904,48.88192707507,0.0
67.677523793196,48.013646179647,0.0
67.744328997773,47.153893594529,0.0
67.794331068591,46.294797363742,0.0
67.836841137266,45.434243133402,0.0
67.878060540022,44.57045022865,0.0
67.917640112657,43.712929129104,0.0
62.926852161976,56.84378469186,0.0
62.946422080037,57.632558211506,0.0
62.985186645303,59.211189078751,0.0
62.966001921341,58.421840402066,0.0
60.967156394193,56.946436703027,0.0
60.97466014964,57.708765750527,0.0
60.993381451747,59.236390005689,0.0
60.984098581518,58.47268919106,0.0
61.95294872988,56.896266862701,0.0
61.966017401662,57.672135069618,0.0
61.979092829307,58.448343010267,0.0
61.99176706777,59.224482946045,0.0
62.829993644143,52.906853420157,0.0
62.848671729471,53.693777093145,0.0
62.88774209704,55.267763619405,0.0
62.8682019509,54.480516043705,0.0
60.976049891643,53.124981597702,0.0
61.000459259224,53.888939374681,0.0
60.987939573943,55.422870269223,0.0
61.004585131895,54.656890040096,0.0
61.888272261049,53.021407756192,0.0
61.900741606532,53.796191129886,0.0
61.913783252284,54.570700523026,0.0
61.926831654932,55.345549601504,0.0
62.907292167521,56.055519831646,0.0
61.939886814217,56.120738377368,0.0
60.969321288455,56.185806759067,0.0
66.931952806721,58.312775653741,0.0
66.973434585806,59.154701027702,0.0
64.939831855817,58.368834869349,0.0
64.972035983045,59.184601183274,0.0
65.926752320616,58.342331954998,0.0
65.965465414401,59.171307160289,0.0
66.821165375131,56.633634707448,0.0
64.874670386449,56.738819737217,0.0
65.848584817745,56.686336972896,0.0
66.878205233479,57.473220460782,0.0
65.887658853156,57.513826717764,0.0
64.907242990421,57.553404028113,0.0
66.677974765137,54.119400212146,0.0
66.72134188426,54.9562722315,0.0
64.777050148529,54.300146063735,0.0
64.809573964953,55.112190765293,0.0
65.731479310017,54.209960595002,0.0
65.770495045549,55.03440392125,0.0
66.593968916578,52.448044027065,0.0
64.713445464683,52.677743653231,0.0
65.655175622011,52.56318825621,0.0
66.634961413742,53.283781749644,0.0
65.692483009038,53.386532722185,0.0
64.744542595726,53.488947871456,0.0
66.767648152928,55.79473201892,0.0
65.809530215001,55.859862710639,0.0
64.842114044444,55.925081986369,0.0
63.978609673699,59.197895156932,0.0
63.952914995208,58.395337686676,0.0
63.926830673201,57.5929811951,0.0
63.900759442988,56.791302313345,0.0
63.874701305027,55.990301030546,0.0
63.848656259782,55.189977335855,0.0
63.822624307717,54.39033121845,0.0
63.7966054493,53.591362667531,0.0
63.771718093531,52.792298713345,0.0
72.37274105069,56.46363840123,0.0
74.284757070992,56.63685914594,0.0
74.157496712298,55.901049637151,0.0
73.278894843003,56.312023979948,0.0
72.278532656675,58.771601560847,0.0
74.150262986072,59.280591599659,0.0
73.429289460911,58.694225701009,0.0
72.41101468203,57.577370556922,0.0
73.556072731117,57.464726933436,0.0
68.837468864611,57.297687805316,0.0
68.718625556015,56.443965038849,0.0
70.518879679614,57.02372958725,0.0
70.540453088496,56.28732250154,0.0
69.764069870833,57.17431268494,0.0
69.628927204362,56.311520195268,0.0
69.023695232633,59.057462432655,0.0
70.086799529956,58.963155733073,0.0
68.976097703347,58.146983208138,0.0
70.064074439482,58.014971137575,0.0
71.454991534557,56.480638222982,0.0
71.24939037058,57.666253170609,0.0
71.152113025379,58.838667828199,0.0
72.199121555006,52.574570336871,0.0
72.170231609892,51.660115188121,0.0
74.050121653209,52.329805218453,0.0
74.042784827955,51.472590946086,0.0
73.121968912713,52.452063081764,0.0
73.09528319357,51.587863003439,0.0
72.248004552938,54.368024396595,0.0
74.070306637585,54.095405419013,0.0
73.153217291523,54.243383980948,0.0
72.220832488512,53.435662208822,0.0
73.13763320147,53.314988425827,0.0
74.06217702595,53.19421738418,0.0
68.503293075966,53.059550855091,0.0
68.463484913335,52.194628837351,0.0
70.353400407491,52.817890767306,0.0
70.319858418474,51.917893154399,0.0
69.430526887344,52.938703914154,0.0
69.393669505278,52.056209223864,0.0
68.590531623725,54.759644230429,0.0
70.42947470683,54.554025312091,0.0
69.51395144964,54.646169813732,0.0
68.546712173716,53.910581942334,0.0
69.470346021168,53.792627841501,0.0
70.387188765204,53.674481928838,0.0
71.243369741461,51.781851261577,0.0
71.276265342458,52.696512903414,0.0
71.304017632805,53.555493380534,0.0
71.340860694861,54.469189217199,0.0
74.09020932708,54.983344980111,0.0
73.184734003321,55.201489633753,0.0
72.292810506051,55.338571482358,0.0
71.394697645018,55.406099110817,0.0
70.482613389634,55.414954100496,0.0
69.56510441855,55.484188082348,0.0
68.641974191057,55.606146649179,0.0
67.98956313723,59.122920750569,0.0
67.946739770627,58.25765094077,0.0
67.872948629389,57.410943154859,0.0
67.79124474458,56.562972669057,0.0
67.719553237102,55.717937528838,0.0
67.666450781851,54.869118349194,0.0
67.620263897286,54.02231704776,0.0
67.574408475148,53.176491435915,0.0
67.531762453376,52.327409665702,0.0
60.951743210243,52.363263092165,0.0
61.881081444444,52.245512253027,0.0
62.819217363079,52.118563649696,0.0
63.75735585373,51.991614698407,0.0
64.695496795286,51.864665415543,0.0
65.633640074116,51.737715816478,0.0
66.569640231144,51.610783248947,0.0
67.506683905216,51.476912071926,0.0
68.437163026276,51.324394789358,0.0
69.364669202931,51.162684819333,0.0
70.277948124621,51.004311960754,0.0
71.178884770607,50.851725481404,0.0
72.110973303905,50.703835142886,0.0
73.111617983734,50.761411428626,0.0
74.060735382686,50.616578928032,0.0
60.989928931137,44.718818289952,0.0
61.986342931902,44.45769752947,0.0
62.977229403529,44.186612820355,0.0
63.967833455886,43.916932951302,0.0
64.960824413902,43.65121653548,0.0
65.954816003515,43.387728740448,0.0
66.950644845632,43.124747642248,0.0
67.946441308007,42.860411847317,0.0
68.942627457236,42.590890665232,0.0
69.938974732935,42.318632101399,0.0
70.93555095341,42.045513503805,0.0
71.932116845176,41.77230466643,0.0
72.928671953658,41.499005724065,0.0
73.912807493255,41.228926274167,0.0
74.860695604158,22.769768433778,0.0
74.875935438383,23.635181591673,0.0
74.890957904213,24.500367911395,0.0
74.90506322473,25.365069227137,0.0
74.917323683311,26.229650582028,0.0
74.927746058341,27.094381759886,0.0
74.940028589531,27.953198322907,0.0
74.968165739717,28.794824837436,0.0
74.971482667219,29.663354091169,0.0
74.819460914742,30.557755104603,0.0
74.842341165514,31.408270060312,0.0
74.875184194715,32.269113394766,0.0
74.883615117844,33.152466459247,0.0
74.884601136867,34.01999421718,0.0
74.885586152625,34.887471055759,0.0
74.88657017229,35.75489707074,0.0
74.887553203213,36.622272359205,0.0
74.888535252923,37.489597019585,0.0
74.88951632913,38.356871151682,0.0
74.890496439731,39.224094856691,0.0
74.891406641326,40.092206917177,0.0
74.89206513626,40.960846923141,0.0
74.892280437729,41.830730749445,0.0
74.89238607243,42.700385201354,0.0
74.892518763148,43.570351138346,0.0
74.894292518552,44.43689264529,0.0
74.905721676029,45.298365264951,0.0
74.939711316819,46.152625997132,0.0
74.981135237473,47.010631732857,0.0
75.010145689344,47.876473657884,0.0
75.005106467704,48.74898600425,0.0
74.98657206817,49.619646863526,0.0
74.971923678841,50.485480907877,0.0
74.972881059204,51.350574479272,0.0
74.980949826172,52.216348608552,0.0
74.990451883708,53.083878601838,0.0
74.997431678604,53.960379367033,0.0
75.014205625306,54.822699601145,0.0
75.06747372206,55.690899445233,0.0
75.07282286749,56.594455996094,0.0
74.828131157095,57.493005472742,0.0
74.783792370994,58.32450469473,0.0
75.000160543959,59.142290565444,0.0
89.691665210667,14.734344978015,0.0
89.699060293107,15.659938877108,0.0
89.706313816275,16.585654682156,0.0
89.713567789619,17.511392834777,0.0
89.720977186165,18.436384728574,0.0
89.727086467953,19.362346143635,0.0
89.728626961649,20.288518847539,0.0
89.727747197409,21.21492162791,0.0
89.726204732147,22.139930828688,0.0
89.724660382355,23.064721770985,0.0
89.723073543,23.989148971454,0.0
89.719513467155,24.924365294827,0.0
89.732875222891,25.836358907058,0.0
89.798058342732,26.742601047857,0.0
89.821432151606,27.670346256653,0.0
89.679029739465,28.614418891494,0.0
89.850611607714,29.453606596809,0.0
89.861321941901,30.391065277652,0.0
89.824290266723,31.335137164954,0.0
89.823118677759,32.258641502032,0.0
89.832006354904,33.193848811294,0.0
89.838316625684,34.120487928043,0.0
89.844627167808,35.047131530753,0.0
89.851111809854,35.973196225943,0.0
89.85581301506,36.899818915148,0.0
89.85452061239,37.82660248194,0.0
89.850130339545,38.753536614033,0.0
89.844910086364,39.679486212184,0.0
89.839687336648,40.605153211339,0.0
89.834960139443,41.529815057926,0.0
89.834457799215,42.452414768585,0.0
89.844439233235,43.373392597409,0.0
89.858855375838,44.29486989119,0.0
89.873940282185,45.217462304151,0.0
89.889030701831,46.140262109598,0.0
89.903995677645,47.062765753659,0.0
89.919778698712,47.985859295166,0.0
89.935795951717,48.908457506841,0.0
89.944517974392,49.830327659039,0.0
89.949741599311,50.750202370701,0.0
89.9542647477,51.668855865411,0.0
89.958788873157,52.58747946505,0.0
89.963242237149,53.507722971827,0.0
89.967826370022,54.427563563325,0.0
89.973151014557,55.352082047395,0.0
89.978889323837,56.278553540954,0.0
89.984778637039,57.208446101374,0.0
89.990668218587,58.138334854009,0.0
89.996382599112,59.06851608344,0.0
50.05301252334,38.984562221811,0.0
50.053751881989,38.155507313045,0.0
52.004080291362,39.578639735272,0.0
52.008579002884,38.766421080045,0.0
51.045309503928,39.285632256911,0.0
51.045466866006,38.464354734464,0.0
50.048789590882,41.503819198889,0.0
50.051536170523,40.642546591352,0.0
51.976637591583,42.046770812858,0.0
51.976535726931,41.196220997355,0.0
51.041043603238,41.780885981183,0.0
51.044997673751,40.928033760615,0.0
50.052273952851,39.81357531458,0.0
51.04515310651,40.106858598962,0.0
51.994682129703,40.387244414556,0.0
46.083145374289,37.785946216196,0.0
46.082793733485,36.926328336414,0.0
48.068379568917,38.384169879675,0.0
48.070274694924,37.539996810031,0.0
47.076043785576,38.084847637162,0.0
47.078512682226,37.23333379612,0.0
46.083299766236,40.355375339871,0.0
46.08391020286,39.504970540226,0.0
48.067158172022,40.921162521052,0.0
48.064590640174,40.072445813779,0.0
47.070963220576,40.627549399044,0.0
47.071106803837,39.787832263657,0.0
46.083527435126,38.645483744004,0.0
47.073575159446,38.936347126341,0.0
48.066484884,39.228319547591,0.0
49.062021125642,37.847387993285,0.0
49.060702512325,38.68407475166,0.0
49.059384512645,39.520728953594,0.0
49.058067126602,40.35735059909,0.0
49.058686487275,41.218885627401,0.0
52.003492555025,34.678741271599,0.0
52.011655226755,35.51340861553,0.0
52.012177372346,37.140880974694,0.0
52.011932642169,36.327170127878,0.0
50.061589955945,33.947775009504,0.0
50.056717198187,34.838869518006,0.0
50.055232963768,36.497272047522,0.0
50.055974686897,35.668091690764,0.0
51.040846418795,34.294468215925,0.0
51.046105960913,35.178732840708,0.0
51.045944740197,36.000215084743,0.0
51.045784484141,36.82164614838,0.0
46.094552763728,33.491271843875,0.0
46.102883742023,32.615815573792,0.0
48.077859609865,34.163070514135,0.0
48.08191609959,33.288121886105,0.0
47.088390974038,33.827134913265,0.0
47.09321523444,32.948066560192,0.0
46.086003366683,35.208435705401,0.0
48.074066270213,35.85158046555,0.0
47.08345128709,35.530263058433,0.0
46.090120729627,34.349933032098,0.0
47.085920995304,34.678706161785,0.0
48.075962719494,35.00733719071,0.0
49.074387266704,33.623882213106,0.0
49.067301715285,34.500315395365,0.0
49.065980647418,35.33713237951,0.0
49.064660193189,36.173916807211,0.0
52.01160236904,37.954006985304,0.0
51.045625192744,37.643026031621,0.0
50.054492028798,37.326410588282,0.0
49.063340352597,37.010668678469,0.0
48.072170262023,36.695800338656,0.0
47.080981849398,36.38180560321,0.0
46.083238719561,36.067130464654,0.0
50.505091774549,28.445324085094,0.0
49.666806754391,28.112736856015,0.0
50.472129544046,27.528360279579,0.0
49.587498659596,27.14984128226,0.0
50.415774621298,25.68016318787,0.0
49.525786359174,25.237858565036,0.0
50.443539501533,26.604083808636,0.0
49.543493755878,26.190110369904,0.0
52.178229346516,29.102087650082,0.0
52.169495105274,28.247998801839,0.0
52.146083250669,26.555284020785,0.0
52.157440284033,27.40131882076,0.0
51.338827303697,28.794409604612,0.0
51.31747402133,27.88468891458,0.0
51.29804756332,27.000131960873,0.0
51.279449994504,26.11616127971,0.0
50.231098867575,32.038900523673,0.0
50.582478037447,30.167103063139,0.0
49.869384359831,30.062666546986,0.0
50.196219569058,31.070227485344,0.0
52.110373803446,33.186161161602,0.0
52.214423915033,30.707826625666,0.0
51.350580671738,32.298224406911,0.0
51.3616124287,31.125324378531,0.0
49.722653980175,29.058495733585,0.0
50.561906625138,29.361729245931,0.0
51.36731947373,29.815482076861,0.0
52.173101056377,29.936760646769,0.0
45.909612128243,23.003899188434,0.0
47.542740400086,25.364865968626,0.0
47.61214150922,24.316712897798,0.0
46.509227479756,24.897579270628,0.0
46.581488061361,23.883132499884,0.0
46.741595515259,26.978321661225,0.0
46.035718038482,26.559031921717,0.0
48.188383291859,27.608102938911,0.0
46.38124086362,25.775328354782,0.0
47.499097343183,26.510515711392,0.0
46.14711261544,30.822839111059,0.0
46.17627160434,29.881183781573,0.0
45.722541944296,28.07846684535,0.0
46.249540276869,28.883256403137,0.0
48.110658419417,31.457469629537,0.0
48.110258926108,29.471846201692,0.0
48.116816064765,30.496883416719,0.0
47.130547836014,31.114160891627,0.0
47.159650435668,30.148925672302,0.0
47.230956853119,29.109096811714,0.0
45.867194308858,27.391132388878,0.0
46.636000622429,27.853539505898,0.0
47.390750082299,27.997749728708,0.0
48.129170951989,28.473227712544,0.0
48.624068840963,24.798103049264,0.0
48.601908517939,25.784335538496,0.0
48.640402599827,26.746072401799,0.0
48.867282292982,27.80357730711,0.0
48.922404048228,28.825778375917,0.0
48.979508968311,29.820798318563,0.0
49.077950941538,30.825583947156,0.0
49.102485807433,31.783720534769,0.0
52.000766843474,33.868692331697,0.0
51.057022044402,33.316831018839,0.0
50.109030911975,33.008279476744,0.0
49.090402455923,32.732966505251,0.0
48.093238102559,32.40283934099,0.0
47.105317452002,32.05873670072,0.0
46.119098802773,31.735071959445,0.0
59.106488739342,41.646816640272,0.0
59.078946302288,42.411837976392,0.0
59.022409578846,43.952206081005,0.0
59.051490216876,43.180926821717,0.0
57.312702847801,40.971632068403,0.0
57.247621909214,41.769702212613,0.0
57.083389195224,43.41986535862,0.0
57.174632676404,42.579118712323,0.0
58.197820489321,41.315415516682,0.0
58.148722154574,42.095289304451,0.0
58.099106825544,42.883515665463,0.0
58.044403174586,43.680977643396,0.0
53.824228624102,40.28408938898,0.0
53.850873592028,39.459652011257,0.0
55.510026183662,41.075169963671,0.0
55.579494948909,40.240585494792,0.0
54.67561192073,40.693424449754,0.0
54.726682195559,39.853999140256,0.0
53.553411735503,42.531017770443,0.0
53.689949331039,41.882964249151,0.0
55.249348920594,42.848785828903,0.0
54.444066298394,42.478868691546,0.0
53.780083650748,41.088927316914,0.0
54.597293567393,41.542427488114,0.0
55.41351745618,41.925590910147,0.0
56.435108913417,40.616243461473,0.0
56.356962071008,41.433203837884,0.0
56.25990728659,42.263770395643,0.0
56.132070059239,43.150260146518,0.0
59.130577066745,37.838898959904,0.0
59.133065615397,38.597355354884,0.0
59.136302560706,40.118612066708,0.0
59.13559174857,39.355781349615,0.0
57.38249373931,37.062779696162,0.0
57.382857848216,37.834683017251,0.0
57.3812381694,39.39077759639,0.0
57.383222466468,38.606559119366,0.0
58.254105036232,37.459516326331,0.0
58.254347006683,38.224252976873,0.0
58.254589317833,38.98897134762,0.0
58.252499172136,39.762202080106,0.0
53.872975934175,36.251479916067,0.0
53.872943703292,35.4532308498,0.0
55.639970153591,37.050463556671,0.0
55.639353814653,36.264648165887,0.0
54.768571779744,36.65581410953,0.0
54.76782534965,35.863253322626,0.0
53.874676016965,37.85369751264,0.0
55.640499552976,38.633811515368,0.0
54.769943064003,38.248630483766,0.0
53.873708387057,37.05073113929,0.0
54.769319212681,37.448321517434,0.0
55.640587332947,37.836234178871,0.0
56.510909970881,36.664490299613,0.0
56.511398869355,37.44341986797,0.0
56.51188844375,38.222313387754,0.0
56.510601996918,39.015253093801,0.0
59.129190514729,40.881147979262,0.0
58.23831922337,40.535359246965,0.0
57.364433174764,40.175279426874,0.0
56.493050350367,39.808563395783,0.0
55.627428184326,39.431094112909,0.0
54.761408835072,39.047735156019,0.0
53.870540743856,38.655375981236,0.0
57.379959238704,31.658694303975,0.0
57.379599204583,30.886573225388,0.0
57.379064052263,29.342362025838,0.0
57.379239679812,30.114424926398,0.0
59.126237240909,32.532867968421,0.0
59.125983133331,31.774986749689,0.0
59.11914424306,30.266898254876,0.0
59.125729264958,31.017095050665,0.0
58.252420782668,32.105847924302,0.0
58.252181537818,31.340965029406,0.0
58.251942633669,30.576063853214,0.0
58.251892901499,29.811258050832,0.0
57.381767049539,35.518891396432,0.0
57.381404468676,34.746906417474,0.0
57.380680834992,33.202854800576,0.0
57.38104239716,33.974894218908,0.0
59.127621812152,36.322229825283,0.0
59.127256061369,35.564288099933,0.0
59.126746173299,34.048598976901,0.0
59.127000997921,34.806448772606,0.0
58.253622117428,35.929988185198,0.0
58.253381169076,35.165196694274,0.0
58.253140561423,34.400386922889,0.0
58.252900294471,33.635558870877,0.0
57.380319782174,32.430788162318,0.0
58.252660368219,32.87071253807,0.0
59.126491587596,33.290738709833,0.0
53.896632605662,29.869217752955,0.0
53.893540239684,29.068393662857,0.0
53.888448997865,27.466092656404,0.0
53.890813335145,28.267126361784,0.0
55.635062973833,30.762686897896,0.0
55.634453358257,29.97651335323,0.0
55.633409545212,28.404142665448,0.0
55.633844583103,29.190295038675,0.0
54.762628418639,30.313833190684,0.0
54.761890011308,29.520845366801,0.0
54.761152606824,28.72780416267,0.0
54.760584041753,27.934819411035,0.0
53.761347598154,32.214278503846,0.0
53.844699298841,31.462144773121,0.0
55.636896863091,33.12093891402,0.0
55.636284726251,32.334899678146,0.0
54.764849657714,32.692476382246,0.0
54.764108241843,31.899648698268,0.0
53.827778685366,33.821963147708,0.0
55.638123658033,34.692883077989,0.0
54.766335497993,34.277971611265,0.0
53.756306057774,33.000353166208,0.0
54.765592076431,33.485250686532,0.0
55.637509840352,33.906933380586,0.0
53.892876776791,30.671275190277,0.0
54.763367828818,31.106767634461,0.0
55.635673429831,31.54881567282,0.0
56.506236240361,28.873323550155,0.0
56.506540301056,29.65250197366,0.0
56.507023116237,30.431755985986,0.0
56.507506607341,31.210973948375,0.0
56.507990774367,31.990155860979,0.0
56.508475617316,32.769301723949,0.0
56.508961136186,33.548411537438,0.0
56.509447330979,34.327485301597,0.0
56.509934201692,35.106523016578,0.0
59.128543368534,37.080364742126,0.0
58.25386340648,36.694761395828,0.0
57.382130139751,36.290849155942,0.0
56.510421748326,35.885524682533,0.0
55.638738316133,35.478788006375,0.0
54.7670799224,35.070639156584,0.0
53.868673183833,34.649612889872,0.0
52.855909669363,42.319425730309,0.0
52.87574411829,41.478778884466,0.0
52.929909687918,40.694076351821,0.0
52.950868043888,39.898857142489,0.0
52.960339848208,39.089329769423,0.0
52.967496992234,38.283799086721,0.0
52.968408077681,37.478005581843,0.0
52.967532448631,36.671079538938,0.0
52.966878773144,35.864921910726,0.0
52.964579157552,35.058622313869,0.0
52.970060346207,34.264040210414,0.0
52.92045557496,33.411846779659,0.0
52.688235963717,32.542460395,0.0
52.716869487492,31.764556004927,0.0
52.9709360793,31.080318695109,0.0
53.035053922264,30.255739925754,0.0
53.029143796689,29.44688444636,0.0
53.025742187945,28.632861683085,0.0
53.020260894031,27.817290841677,0.0
53.015341272635,27.002282709147,0.0
49.552509212566,48.125143052602,0.0
49.522295705988,47.137361683832,0.0
51.624949760528,48.488491541289,0.0
51.641740695758,47.53624167198,0.0
50.612091382438,48.310035302986,0.0
50.603371273927,47.339445520085,0.0
49.616649999998,50.10193520819,0.0
51.59568816843,50.402003129957,0.0
50.633740424078,50.258403064831,0.0
49.582797903682,49.109619161599,0.0
50.623509607303,49.281532282923,0.0
51.610246821994,49.442764810772,0.0
46.270682326459,47.331558646955,0.0
46.24776459802,46.430361792068,0.0
47.365265744172,47.622190751454,0.0
47.329587521291,46.681083381251,0.0
46.064091929366,49.80411529569,0.0
46.204325353513,49.01236160528,0.0
47.823705305006,50.280092025269,0.0
47.016266427372,50.011517181144,0.0
47.312776144333,49.30878495704,0.0
46.274136500547,48.205532418653,0.0
47.386647192873,48.523337455465,0.0
48.43911630454,46.925712892209,0.0
48.487413435766,47.912433127018,0.0
48.531486038046,48.883053389296,0.0
48.555635525468,49.878304236823,0.0
51.955466855928,43.818518778072,0.0
51.766810083408,45.654056512984,0.0
51.871715184665,44.723987653599,0.0
49.92300823265,43.307912083476,0.0
49.617239813534,45.190450861729,0.0
49.756998381075,44.229888596051,0.0
50.922653332134,43.55411660934,0.0
50.813876972876,44.475386956734,0.0
50.703937397321,45.424021848856,0.0
46.187315170002,42.894761728404,0.0
46.115520008065,42.036336753661,0.0
47.980498235557,43.203916658446,0.0
48.059590085206,42.540857297831,0.0
47.17059999854,43.081523297441,0.0
47.092623311814,42.244018276765,0.0
46.277646326884,44.618654279149,0.0
47.388270085784,44.804677138635,0.0
46.280887723422,43.74500024412,0.0
47.406261112213,43.936229422664,0.0
48.988570421523,43.023910130192,0.0
48.644555921838,43.986878044979,0.0
48.519423831797,44.976169879377,0.0
51.678689444378,46.590045284878,0.0
50.620672281981,46.3765388536,0.0
49.52517676348,46.155943913303,0.0
48.431010612256,45.936870964734,0.0
47.322074976157,45.71822824183,0.0
46.24265674,45.507656340691,0.0
57.251412641254,49.669394416583,0.0
57.286621176856,48.756533079515,0.0
59.088069752104,50.050128202434,0.0
59.091573819766,49.252895055068,0.0
58.164777673225,49.863852955385,0.0
58.178072137502,48.984287250041,0.0
57.199241862081,51.38247562708,0.0
59.056730494279,51.594602997835,0.0
58.12645572804,51.512081751334,0.0
57.22981846271,50.486192324778,0.0
58.150362985499,50.658142520134,0.0
59.078180872659,50.822592547644,0.0
53.573708798311,48.875259652372,0.0
53.613966912727,47.976957293202,0.0
55.424727734285,49.277394356329,0.0
55.47301295365,48.426780433625,0.0
54.511408232566,49.079852886731,0.0
54.554358956553,48.220925655284,0.0
53.493571822522,50.721061179041,0.0
55.354373964027,51.063874840198,0.0
54.428479556481,50.893979655314,0.0
53.531664740706,49.787253565134,0.0
54.46823675552,49.966206510718,0.0
55.388755155336,50.140224293514,0.0
56.387658925159,48.577914578854,0.0
56.338062597535,49.473908207996,0.0
56.30928245326,50.313552906786,0.0
56.279655243089,51.229893339418,0.0
57.030453341632,45.889093799434,0.0
56.974231917448,45.12592629665,0.0
58.832462248777,46.325064694429,0.0
58.93824904215,45.489919377078,0.0
57.831229735492,46.129814546231,0.0
57.943321431422,45.263407850061,0.0
59.269757046647,47.868613996807,0.0
57.515961015202,46.918423444912,0.0
58.671917727611,47.159269679389,0.0
54.056201039711,44.433971442533,0.0
55.085892939082,44.818203950225,0.0
53.821948220612,46.221021522434,0.0
55.531196973262,46.893404095374,0.0
54.773285695304,46.555934232837,0.0
53.999087054953,45.366593977855,0.0
55.092507459659,45.778457983871,0.0
56.039427231313,45.146458230645,0.0
56.285658465658,46.395510303495,0.0
59.120947354445,48.500297424385,0.0
58.246317071705,48.115745727275,0.0
57.347381568088,47.86012612499,0.0
56.458306979969,47.647186367152,0.0
55.537230443255,47.620368662377,0.0
54.607666537876,47.382717021668,0.0
53.674931204128,47.087002189939,0.0
52.554152093797,50.553780135102,0.0
52.588404508851,49.610450932273,0.0
52.625396751978,48.67530076174,0.0
52.662784385863,47.744304096858,0.0
52.717299748449,46.818240113207,0.0
52.822844173344,45.907367246512,0.0
52.935406393374,45.004836494444,0.0
53.00649910921,44.107983076354,0.0
49.629608214828,57.047248980368,0.0
49.53092682099,56.061264891825,0.0
51.764670106883,57.130972762421,0.0
51.687282905541,56.175486791428,0.0
50.712561251423,57.089219139044,0.0
50.621128155908,56.116895407204,0.0
49.830014291255,59.008813950825,0.0
51.918504195323,59.043006941173,0.0
50.901527376712,59.029022896798,0.0
49.72782787948,58.02799326216,0.0
50.806797026092,58.059652745256,0.0
51.841331946684,58.087331926515,0.0
46.268374161121,56.696767731991,0.0
46.227032917342,55.798634230234,0.0
47.387225315899,56.838990750704,0.0
47.316234537587,55.901923488518,0.0
46.084069837382,59.190466230759,0.0
46.225146441625,58.384097534447,0.0
47.943572247704,59.401766703789,0.0
47.089401280585,59.26005337218,0.0
47.388305728796,58.531231716339,0.0
46.287324350092,57.569358557944,0.0
47.441122280598,57.737108556203,0.0
48.437864829931,55.996326961463,0.0
48.539395262023,56.978106977072,0.0
48.635426640647,57.94314738147,0.0
48.708282531251,58.923089144423,0.0
49.662534786475,52.121145904043,0.0
51.574437875372,52.33119981447,0.0
50.613388509303,52.222784069626,0.0
49.488647172991,54.091220472608,0.0
51.563356802118,54.259903068235,0.0
50.556542221007,54.175087970125,0.0
49.559199014931,53.10359536445,0.0
50.583677810525,53.20161817372,0.0
51.563138449686,53.295519192109,0.0
46.095726137378,52.264307681032,0.0
46.0130951984,51.424548412298,0.0
47.81950116067,52.321302631794,0.0
47.879134122796,51.670131455176,0.0
47.044857338284,52.313226125272,0.0
46.950969470972,51.507750119097,0.0
46.21484671189,53.979628460528,0.0
47.302884287218,54.012584061654,0.0
46.199826479439,53.10335437424,0.0
47.292129401246,53.138058208819,0.0
48.771257627509,51.987637422687,0.0
48.482456794732,53.017249836414,0.0
48.41105462466,54.02843886959,0.0
51.61303563808,55.220990471655,0.0
50.555937902985,55.146419891655,0.0
49.465252330645,55.075249321782,0.0
48.375969817472,55.005449003988,0.0
47.27210693898,54.93815622898,0.0
46.201445193363,54.875487236576,0.0
58.939347876707,56.888902676894,0.0
58.960497399404,57.666701752312,0.0
58.982097688711,59.221827188571,0.0
58.971080943377,58.444302525192,0.0
56.89551489164,56.599837947902,0.0
56.921163976815,57.509087103824,0.0
56.967937179512,59.169318106953,0.0
56.944176297034,58.339290072509,0.0
57.922892826409,56.728747491356,0.0
57.943944864393,57.589752722675,0.0
57.959321330082,58.392904399283,0.0
57.975448888437,59.196065837814,0.0
53.845282264965,57.259170757731,0.0
53.808891150827,56.2592958465,0.0
54.875656981324,57.343792031673,0.0
54.849890805057,56.365069231947,0.0
53.94323127036,59.08631390614,0.0
54.952921824264,59.114515046236,0.0
53.893948648714,58.173129483813,0.0
54.913916264739,58.229434156868,0.0
55.873540444583,56.485098301903,0.0
55.89840123786,57.427100206417,0.0
55.929041167412,58.284799991475,0.0
55.9604280674,59.142134509673,0.0
58.657951168312,53.103688453085,0.0
59.326310871723,53.124836177914,0.0
58.5983997065,53.774387635993,0.0
59.382993169884,53.891102519591,0.0
58.56813985581,55.290155863794,0.0
59.261588106908,55.432251564449,0.0
58.560633931618,54.612681894244,0.0
59.361688948365,54.686980042164,0.0
57.031663065593,53.438638600026,0.0
56.942054768242,54.532180986095,0.0
57.862824572885,53.558933116798,0.0
57.793359337683,54.637462459093,0.0
53.457870605512,52.660003309977,0.0
55.24657772324,53.14512091975,0.0
54.358566511134,52.928140029084,0.0
53.289553399781,54.401714120538,0.0
53.422753252982,53.605386611777,0.0
54.263118315186,54.01437600377,0.0
55.126200528234,54.229994544522,0.0
56.150764922616,53.314120604488,0.0
56.036961251201,54.392674048585,0.0
58.977907860356,56.167773594194,0.0
57.903338009037,55.795904875703,0.0
56.890423319044,55.649273547132,0.0
55.904523750776,55.524695221718,0.0
54.912779494651,55.385966450847,0.0
53.849624430869,55.232116310003,0.0
52.933466262438,59.060637770798,0.0
52.872873329343,58.122137293705,0.0
52.812790411527,57.182999205166,0.0
52.773563438656,56.226473830402,0.0
52.718759814624,55.317675269368,0.0
52.516941353026,54.353406407994,0.0
52.521867599078,53.397791255356,0.0
52.534055255756,52.457606804144,0.0
45.99001567712,50.605219073193,0.0
46.928243519228,50.752392375359,0.0
47.878328059646,50.928645470868,0.0
48.797869892273,50.964733120199,0.0
49.688860594372,51.095945092744,0.0
50.634762992624,51.239617467479,0.0
51.583209563773,51.365354506014,0.0
52.532424760107,51.501233106268,0.0
53.466605713242,51.664136305371,0.0
54.395628625599,51.83931304931,0.0
55.317647536218,52.01568162741,0.0
56.239082086664,52.185118723432,0.0
57.140471504131,52.326583068117,0.0
58.073486863031,52.441348219359,0.0
59.084733388918,52.325064354695,0.0
46.087668099852,41.201987847595,0.0
47.076574306803,41.450386918037,0.0
48.070023608824,41.74448639296,0.0
49.049929951655,42.080976284852,0.0
50.025227487059,42.374065094826,0.0
51.011480906736,42.642618416294,0.0
51.998606408163,42.914668549242,0.0
53.01148115143,43.225732385848,0.0
54.094714832082,43.427900417338,0.0
55.090100668281,43.782423077706,0.0
56.035439576157,44.063098338858,0.0
57.005542878873,44.248342215556,0.0
57.989461228894,44.465553449393,0.0
58.988146490191,44.720474605452,0.0
35.113438762488,24.084835206783,0.0
34.54754182673,22.254374424188,0.0
35.154080709984,23.129198416921,0.0
37.161706570269,24.818452659807,0.0
37.210596648878,23.922387309053,0.0
36.146897872375,24.42253621288,0.0
36.22084926163,23.517754303418,0.0
35.159708287619,26.807473197568,0.0
35.125465848248,25.904975047066,0.0
37.165108724052,27.54982366884,0.0
37.147381127319,26.628347290258,0.0
36.161659808316,27.177379003659,0.0
36.133625488137,26.259028385741,0.0
35.103926990166,25.014349543579,0.0
36.120034312043,25.356447765858,0.0
37.138861039433,25.730265809137,0.0
31.180659853438,22.546302566573,0.0
31.152878643942,20.716131708012,0.0
31.166215989437,21.633207108117,0.0
33.07404420594,23.40224643806,0.0
32.945810287133,21.603534634827,0.0
33.023166663748,22.517258285561,0.0
32.10723515313,22.967858506385,0.0
32.08078963705,22.068579218063,0.0
32.055646502247,21.161999676218,0.0
31.222625350807,25.283473965244,0.0
31.209458873059,24.371091355759,0.0
33.169322506154,26.051543918844,0.0
33.135407812452,25.163436529735,0.0
32.185467234626,25.66431143122,0.0
32.160158539417,24.764380538883,0.0
31.195112059702,23.458910409688,0.0
32.133691455836,23.866458959352,0.0
33.104095493672,24.280667899255,0.0
33.802503364474,22.008891684952,0.0
34.035051051839,22.951554370226,0.0
34.080565914812,23.796100385758,0.0
34.0860671618,24.669153719626,0.0
34.118069091682,25.547285632689,0.0
34.15776832852,26.434058214217,0.0
34.675581951273,18.004409036227,0.0
34.678570753656,17.097247143142,0.0
35.549947818362,18.473209928224,0.0
35.55224325074,17.569736257705,0.0
37.372872099002,19.444662776319,0.0
37.317912594281,18.526823360739,0.0
36.424317988276,18.941751422694,0.0
36.425917655462,18.042095590518,0.0
34.670933921726,20.724093119673,0.0
34.66978040008,19.818583502756,0.0
35.542315256418,21.221765506533,0.0
35.545540128904,20.279978250575,0.0
37.3236740424,22.118299377141,0.0
37.352620623359,21.21409380317,0.0
36.413581430379,21.673770395045,0.0
36.421309050857,20.740853990952,0.0
34.672680648809,18.911524249771,0.0
35.547743326747,19.376628437874,0.0
36.422812751142,19.841343504188,0.0
37.379772998667,20.33349940085,0.0
31.172769795459,16.125028447507,0.0
31.180918644376,15.205284450715,0.0
32.926863230322,17.066029113811,0.0
32.931231578865,16.151879619785,0.0
32.052510426559,16.596450109327,0.0
32.057564947294,15.679001235412,0.0
31.148763077169,18.881375171933,0.0
31.156722063006,17.964591899331,0.0
32.91299244817,19.797189765128,0.0
32.918288626903,18.89423703613,0.0
32.037578779118,19.342670981659,0.0
32.042556632794,18.431285341934,0.0
31.164745540933,17.044795188502,0.0
32.047533353738,17.513877085506,0.0
32.922575637218,17.98014856095,0.0
33.804900188541,16.624628259696,0.0
33.80122041343,17.53534876036,0.0
33.79762474379,18.44603095318,0.0
33.794029890892,19.356669760438,0.0
33.790069985602,20.250977102444,0.0
37.280969175649,23.017805217399,0.0
36.363724807325,22.598647733276,0.0
35.49269924339,22.173593840887,0.0
34.655227072376,21.581632461216,0.0
33.775922296814,21.123993073508,0.0
32.912635729003,20.700250945569,0.0
32.03818679171,20.254988330638,0.0
31.144971991373,19.799423869007,0.0
42.149743999626,26.78128643099,0.0
42.152518782304,25.891267691916,0.0
44.093079096274,27.552668152171,0.0
44.10181149115,26.673982684794,0.0
43.14386210203,27.174106193655,0.0
43.14657873191,26.292195496425,0.0
42.141795813346,29.426003739644,0.0
42.145515287591,28.537008208848,0.0
44.137632234567,30.181448510545,0.0
44.144061701373,29.311344837678,0.0
43.134648139801,29.803546453599,0.0
43.138635942302,28.922182157353,0.0
42.147629211906,27.659170403531,0.0
43.141248743418,28.048159151156,0.0
44.129173568184,28.4388573301,0.0
39.167767577024,25.614146540202,0.0
39.180857897091,24.723188670474,0.0
40.161411390832,26.000603485418,0.0
40.1649559434,25.103806169131,0.0
39.16096133906,28.298294538415,0.0
39.160842602394,27.386509983897,0.0
40.15601054221,28.674057543411,0.0
40.159204016593,27.770215802409,0.0
39.160942332665,26.499314441533,0.0
40.160306975202,26.885448461381,0.0
41.159037150312,25.494182788088,0.0
41.155593736504,26.390118849691,0.0
41.15398192984,27.271600162071,0.0
41.152371286421,28.15301941268,0.0
41.148916625998,29.049508180756,0.0
42.362291009382,22.289910316277,0.0
42.446172291783,21.383233212227,0.0
44.299481221782,23.226219380742,0.0
44.269083102713,22.322864423301,0.0
43.299430435156,22.742263305453,0.0
43.35270105674,21.847194189496,0.0
42.217947055878,24.098818463394,0.0
44.221319273468,24.955550835582,0.0
43.196791028274,24.524028378209,0.0
42.284411600826,23.198484532769,0.0
43.246792612635,23.637087907659,0.0
44.281087656585,24.099364603238,0.0
38.915144977348,19.197767415504,0.0
40.40151047194,21.410027585976,0.0
40.548024255975,20.46228453089,0.0
39.418010966406,21.050164376912,0.0
39.547407000599,20.053787995584,0.0
39.244256187672,22.911990855554,0.0
40.227755562758,23.282444113641,0.0
39.308893094456,21.990816387595,0.0
40.2949594072,22.35812915753,0.0
41.533843311026,20.926509844024,0.0
41.416912598453,21.847851638859,0.0
41.313236111609,22.77073867318,0.0
41.235228076845,23.682041191504,0.0
44.15068936434,25.812777186536,0.0
43.158461118579,25.411603781233,0.0
42.167984758755,25.001463346188,0.0
41.178084245369,24.597479508197,0.0
40.18155778093,24.206134244604,0.0
39.203064486553,23.830576620029,0.0
38.166035544011,27.923541841638,0.0
38.159961546995,27.005390682946,0.0
38.157580973236,26.115462729615,0.0
38.172514474972,25.225690523412,0.0
38.198131162715,24.336934700517,0.0
38.226838141169,23.442446243704,0.0
38.254024213429,22.537194439297,0.0
38.286149526526,21.630171831964,0.0
38.340037975228,20.742898592259,0.0
38.352563750696,19.877785368304,0.0
38.173077146812,18.956139923414,0.0
35.346689302435,34.941142371722,0.0
34.517112034082,34.607502162695,0.0
35.347749251232,33.997750076274,0.0
34.498665756567,33.695971278161,0.0
37.025164463613,35.588247553806,0.0
37.055171676307,34.551705279135,0.0
36.158559313183,35.265212344493,0.0
36.182608251145,34.254283642388,0.0
34.367651504775,37.182614226326,0.0
35.228826163356,37.00249594179,0.0
34.485720039112,36.441746180089,0.0
36.848561174987,37.628918433463,0.0
35.982294411596,37.342556194168,0.0
34.52495652665,35.543067912526,0.0
35.330378003535,35.951612000717,0.0
36.110301108437,36.29520419928,0.0
36.967506743911,36.61020845783,0.0
31.049380482573,33.474692347925,0.0
31.042132391005,32.55231291758,0.0
32.81309082687,34.012901728898,0.0
32.790152574858,33.100131990357,0.0
31.944483764091,33.748129956592,0.0
31.92683173133,32.829793980041,0.0
31.075010517138,36.243477867981,0.0
31.06594814456,35.316392855452,0.0
32.876738623763,36.767132469887,0.0
32.850306821468,35.830134488507,0.0
32.002260531659,36.511103400398,0.0
31.982947631304,35.581072628969,0.0
31.057660901058,34.395693175424,0.0
31.963711122557,34.664873830063,0.0
32.834947136196,34.921817688122,0.0
33.649364624299,33.382756176371,0.0
33.679188058617,34.291892204172,0.0
33.701949815633,35.197432568382,0.0
33.696804991242,36.08657857722,0.0
33.704344468048,37.018945317894,0.0
35.049243068597,29.501425793666,0.0
35.121834813974,28.587929832073,0.0
37.051965416469,30.37916386348,0.0
37.117604090652,29.413403721578,0.0
36.045920969738,29.948592396247,0.0
36.1184235618,29.001362369941,0.0
35.324688007956,32.367854354667,0.0
34.61832782637,31.993935105882,0.0
34.911486756835,31.271134933902,0.0
37.00798996045,32.429730437299,0.0
35.987012229989,31.996299250483,0.0
34.994253927081,30.404431348574,0.0
35.993058829197,30.920394566129,0.0
37.001127652518,31.377265196131,0.0
31.170717788434,27.995937301405,0.0
31.203375560242,27.093805148201,0.0
33.078967722271,28.679633736445,0.0
33.141440510541,27.806522403548,0.0
32.113603199237,28.330429678287,0.0
32.16278398668,27.444872351947,0.0
31.068422285658,30.716978114552,0.0
31.101874513582,29.80821765872,0.0
32.860342159235,31.307281906179,0.0
32.946954149855,30.436137733386,0.0
31.959698122763,31.01031285948,0.0
32.010027148799,30.114666917828,0.0
31.136301465842,28.901778744647,0.0
32.061826453945,29.222048894936,0.0
33.015622295874,29.559293026454,0.0
34.124669882861,28.18206532102,0.0
34.051807341966,29.059388699056,0.0
33.979668116863,29.93061795611,0.0
33.890634705607,30.792959322704,0.0
33.740852987166,31.61932956914,0.0
37.0582579529,33.500135496764,0.0
36.200857109576,33.217962479594,0.0
35.358352575405,33.124361204072,0.0
34.497450979687,32.818193671784,0.0
33.645995905115,32.481141232951,0.0
32.791989881538,32.191881733098,0.0
31.924180916076,31.913769087774,0.0
31.043949695918,31.630908912993,0.0
42.072395309862,36.680517753819,0.0
42.043620937347,35.787207301525,0.0
44.095407599246,37.215604323946,0.0
44.07910706343,36.340300019257,0.0
43.099711182615,36.94621850036,0.0
43.070779777423,36.062961844521,0.0
42.226639801733,39.316517469013,0.0
42.137634559755,38.424046750299,0.0
44.142506543598,39.831343179592,0.0
44.12741349831,38.957518820938,0.0
43.184562490154,39.574530023574,0.0
43.157151633166,38.694844448746,0.0
42.095588063294,37.552346501323,0.0
43.12842528239,37.820919499257,0.0
44.111406930977,38.086765020592,0.0
38.936400821148,36.085950929128,0.0
38.943386004966,35.085604727198,0.0
39.956873482662,36.266399665559,0.0
39.952818551023,35.297715792084,0.0
38.786154569274,38.092966068356,0.0
40.524022418879,39.025459924142,0.0
39.850378953315,38.276083850232,0.0
38.903613354794,37.081400532346,0.0
39.935009535359,37.227877674874,0.0
41.009728888595,35.527873205872,0.0
41.036929248992,36.450256662664,0.0
41.046318588255,37.336260282834,0.0
41.077970191187,38.205255892243,0.0
41.308346805794,39.096646660191,0.0
42.083486637507,32.143606402018,0.0
42.109392341134,31.228988738356,0.0
44.094526060488,32.818120987277,0.0
44.108253772356,31.935900060624,0.0
43.090387782508,32.480824264784,0.0
43.109225662003,31.582651363699,0.0
42.033976069003,33.983469468967,0.0
44.07139282816,34.584898607752,0.0
43.055742360375,34.283737255573,0.0
42.057662041048,33.069841475782,0.0
43.071952373,33.386685727299,0.0
44.082117662612,33.703845363059,0.0
39.062883643472,31.137613548623,0.0
39.110479068083,30.173403354767,0.0
40.069601077523,31.473060634186,0.0
40.109537346785,30.524930794168,0.0
38.981501055238,33.112345268652,0.0
39.988528176483,33.399018693032,0.0
39.017321277623,32.125291667192,0.0
40.028981299456,32.440923820866,0.0
41.109495868889,30.87641574983,0.0
41.076557691806,31.807685172876,0.0
41.043338304562,32.754587487609,0.0
41.011552955825,33.687772579622,0.0
44.067798093005,35.465141284928,0.0
43.050673420483,35.178948466414,0.0
42.022860462834,34.894438506992,0.0
40.99279499296,34.618537703959,0.0
39.956837111962,34.356472267058,0.0
38.955622066963,34.103414463984,0.0
37.760318496066,37.882464102419,0.0
37.866606747987,36.878376307333,0.0
37.920189674303,35.868227012369,0.0
37.94873256422,34.844741964618,0.0
37.968606901558,33.825829610801,0.0
37.983018108258,32.80001775293,0.0
38.007837888524,31.783929421308,0.0
38.058336400045,30.783875382008,0.0
38.114445021655,29.810237567785,0.0
31.225442516146,26.190929969641,0.0
32.194904577403,26.557707344166,0.0
33.1831267647,26.932370019292,0.0
34.174347417393,27.310446868126,0.0
35.172481779544,27.695194087299,0.0
36.168505741063,28.080793604484,0.0
37.163933257878,28.466203181724,0.0
38.15734076435,28.84687008517,0.0
39.149160296409,29.216558583682,0.0
40.143091196664,29.583141427254,0.0
41.137473840679,29.950081287036,0.0
42.13180528063,30.317981355037,0.0
43.126085347162,30.686841850121,0.0
44.12370629852,31.055384618154,0.0
34.558832420677,45.291279906351,0.0
34.511298411572,44.256801987667,0.0
36.534713387387,45.595175836579,0.0
36.51500444163,44.60120528836,0.0
35.52938018765,45.43554816245,0.0
35.492923032709,44.424931583126,0.0
34.696801454071,48.368294301541,0.0
34.64693249584,47.33503359983,0.0
36.59784948412,48.590512127857,0.0
36.576967188584,47.58400010508,0.0
35.644402993379,48.477403112502,0.0
35.606654757173,47.455946159996,0.0
34.59927114121,46.312895285656,0.0
35.568008883692,46.446308854869,0.0
36.555830560056,46.589928710928,0.0
30.9563236272,45.269381187296,0.0
31.042690976639,43.495551185014,0.0
30.989395968416,44.369930985605,0.0
32.747183720523,45.276557748209,0.0
32.700631740249,43.677073934718,0.0
32.750876600775,44.392439412379,0.0
31.871842084906,45.31948874327,0.0
31.893365297528,44.446443629707,0.0
31.964953485037,43.603220842354,0.0
30.973130136615,48.055125225686,0.0
30.952741923842,47.112472797105,0.0
32.834323238897,48.19393627575,0.0
32.788060785606,47.194754102964,0.0
31.915024337804,48.126358954004,0.0
31.880487939895,47.162635461671,0.0
30.939916062417,46.174975286933,0.0
31.85828818711,46.212198142149,0.0
32.752597692567,46.208258267201,0.0
33.59667672325,44.177511902976,0.0
33.622702178667,45.210515080294,0.0
33.650354362664,46.21758619655,0.0
33.699306203301,47.238533561788,0.0
33.755830409857,48.269600031398,0.0
34.666635894169,40.192946252138,0.0
34.748437806347,39.155432220687,0.0
36.605556182109,40.652442929776,0.0
36.646988620535,39.646478615324,0.0
35.629655006858,40.424064081798,0.0
35.694570449137,39.398611296233,0.0
34.528063633343,42.221824705514,0.0
36.531240030393,42.625099312222,0.0
35.513094363144,42.420696344252,0.0
34.597200445642,41.203885904972,0.0
35.570071331866,41.423386144822,0.0
36.567529250548,41.639564153679,0.0
31.02456896038,39.029468805806,0.0
31.057264657305,38.106912309042,0.0
32.815683085492,39.635051332374,0.0
32.879464733338,38.68215985872,0.0
31.916677391331,39.320558908152,0.0
31.969139296971,38.393438047622,0.0
31.04477978867,41.762230239547,0.0
31.001149691037,40.859907175912,0.0
32.696544667684,42.168637713033,0.0
32.747408136464,41.461944566236,0.0
31.95647853755,41.994656027662,0.0
31.87947930432,41.113664766982,0.0
30.995335470196,39.957432804318,0.0
31.875792279509,40.245272259028,0.0
32.762387242784,40.583193352223,0.0
33.809218594108,38.951247534224,0.0
33.718991905647,39.938182272565,0.0
33.651064255053,40.9407645325,0.0
33.604951717248,41.961770391253,0.0
36.507779095581,43.611045166705,0.0
35.477026846211,43.419468241557,0.0
34.460825513412,43.230309369358,0.0
33.363604746159,43.030404135396,0.0
32.137686935941,42.825473530761,0.0
31.091666765989,42.634122029942,0.0
42.247236358757,46.541369648815,0.0
42.251554932339,45.634211824956,0.0
44.162986226211,46.865804131416,0.0
44.163601736401,45.985477414342,0.0
43.181389486642,46.69773177101,0.0
43.185470482728,45.804382168358,0.0
42.234392728947,49.266676367395,0.0
42.238598976195,48.355697770922,0.0
44.119815388272,49.495856802855,0.0
44.13965566838,48.618047966216,0.0
43.16911579962,49.380215360018,0.0
43.173227272835,48.4844427195,0.0
42.242917706709,47.448531630802,0.0
43.177308416677,47.591085288056,0.0
44.156610726092,47.743325062472,0.0
38.492314989614,45.916023112346,0.0
38.493396542658,44.952362969858,0.0
40.378903809169,46.229852415192,0.0
40.383700788979,45.294905572,0.0
39.444724474127,46.074697321196,0.0
39.449762282697,45.125769680751,0.0
38.490515167724,48.817277591349,0.0
38.490878466517,47.843653609662,0.0
40.364917347098,49.041426408013,0.0
40.369309586419,48.099760048727,0.0
39.430165062883,48.929715266191,0.0
39.434648579895,47.972567290797,0.0
38.491591010271,46.879900741852,0.0
39.439686573193,47.023629857876,0.0
40.374106741649,47.164803907433,0.0
41.317631686276,45.464386289708,0.0
41.313074451458,46.385409860564,0.0
41.308517133562,47.306437834432,0.0
41.30395973259,48.227470211317,0.0
41.299659906582,49.153746745823,0.0
42.268828442003,42.005622110729,0.0
42.274174586592,41.108654478947,0.0
44.174377482433,42.466645293389,0.0
44.164708613635,41.587000111407,0.0
43.201793728302,42.231022901618,0.0
43.205841604554,41.343053143138,0.0
42.260191844104,43.819908651608,0.0
44.175283100167,44.223586594215,0.0
43.19363225327,44.017694706223,0.0
42.264510182286,42.912763302112,0.0
43.197713027724,43.124356846731,0.0
44.180512101233,43.345574538393,0.0
38.525828348908,41.103923000783,0.0
38.540737216007,40.111316048208,0.0
40.402887831122,41.555164689653,0.0
40.404279830909,40.633670264658,0.0
39.46991259333,41.330108081274,0.0
39.472964205796,40.357719263016,0.0
38.504728320088,43.027716853987,0.0
40.39329448547,43.425025832749,0.0
39.459837622742,43.227929088559,0.0
38.515075075015,42.065864073111,0.0
39.464875154218,42.279016136804,0.0
40.398091202151,42.490092936683,0.0
41.341293525125,40.877192156188,0.0
41.335859794779,41.780336036347,0.0
41.331302892269,42.701341995186,0.0
41.326745906682,43.622352357023,0.0
44.166415577927,45.103104779421,0.0
43.189551404938,44.911036480097,0.0
42.255873427454,44.727058159221,0.0
41.322188838017,44.543367121863,0.0
40.38849768108,44.359963377853,0.0
39.454799998902,44.17684693654,0.0
38.496693102532,43.989590677978,0.0
37.549103364132,48.704341093757,0.0
37.543257231786,47.713991816313,0.0
37.53767653398,46.735441837383,0.0
37.532101221278,45.756601156559,0.0
37.527163026394,44.778520247566,0.0
37.527340917618,43.802589818745,0.0
37.54003227615,42.828650822816,0.0
37.558056514277,41.854490864587,0.0
37.57688871034,40.879472660521,0.0
37.601147137317,39.884407732849,0.0
34.650690815769,56.807147017502,0.0
34.562203301832,55.74843327479,0.0
36.757982499603,56.872625150035,0.0
36.69395284546,55.831239416132,0.0
35.736208430169,56.841778660293,0.0
35.652318680784,55.789872316904,0.0
34.837790679978,58.927729426781,0.0
36.912878853369,58.95900801891,0.0
35.910020128035,58.945891536003,0.0
34.742277316649,57.867066477273,0.0
35.822914851307,57.894090202274,0.0
36.829968138447,57.915788837676,0.0
31.239179651986,56.455642939219,0.0
31.19633161357,55.525112088518,0.0
32.403819185779,56.604909238068,0.0
32.34148246998,55.643173536014,0.0
31.067480787875,59.127973874642,0.0
31.196734559982,58.262455244771,0.0
32.94735892907,59.356285893773,0.0
32.093760921051,59.205537762208,0.0
32.396713932252,58.422202930472,0.0
31.253682868253,57.388407944553,0.0
32.453325419485,57.569201058535,0.0
33.463659630804,55.704973781081,0.0
33.558105360631,56.743327167452,0.0
33.648531074365,57.78288037364,0.0
33.716013918178,58.839201822961,0.0
34.657297977543,51.507367063532,0.0
34.701592667456,50.457096034675,0.0
36.623542403676,51.672242204896,0.0
36.621138963225,50.637365639495,0.0
35.636463671735,51.592805780887,0.0
35.659181496911,50.549028077922,0.0
34.572688768413,53.632584522538,0.0
36.628561218502,53.755437994377,0.0
35.590331673806,53.693192381356,0.0
34.616575989559,52.56430571521,0.0
35.612087232523,52.644036801796,0.0
36.625300808442,52.71516364802,0.0
30.928625125995,50.900761077551,0.0
30.96112818196,49.96244421154,0.0
32.775189617487,51.232094000277,0.0
32.827250831453,50.229883503956,0.0
31.861802153361,51.056699253303,0.0
31.905558867522,50.096859314625,0.0
31.000379699078,53.67051582708,0.0
30.925296813369,52.743873495914,0.0
32.693871324494,53.852062296589,0.0
32.737818378275,53.109786726548,0.0
31.942261209015,53.797836523873,0.0
31.845295298367,52.879967696348,0.0
30.90509364324,51.837589781748,0.0
31.831238314844,52.000478869951,0.0
32.737905034041,52.208325772374,0.0
33.752132258328,50.354713355428,0.0
33.693394310889,51.396571547012,0.0
33.647784139967,52.437397602869,0.0
33.6234833015,53.50541664848,0.0
36.644992635383,54.793089350243,0.0
35.591972870881,54.740454325652,0.0
34.516755455738,54.688287871247,0.0
33.399069640087,54.623113396212,0.0
32.233261885548,54.704182167244,0.0
31.120623933154,54.581507605973,0.0
42.221229425883,56.541407629936,0.0
42.261120590381,55.663389721252,0.0
44.130416028427,56.544695361571,0.0
44.14472689619,55.674067096188,0.0
43.140892614224,56.540289357787,0.0
43.174418385708,55.666167504099,0.0
42.107355867701,59.140861509896,0.0
42.156861186785,58.270451243512,0.0
44.03601320405,59.135478428779,0.0
44.073978894676,58.271337545572,0.0
43.035010954317,59.136461317307,0.0
43.070270729558,58.271044830378,0.0
42.184759290672,57.403729172298,0.0
43.105589724731,57.405291942672,0.0
44.108084580596,57.408511166143,0.0
38.6701461044,56.837263898392,0.0
38.648986400284,55.817458676072,0.0
40.423952756355,56.645702787962,0.0
40.454930599413,55.707508255356,0.0
39.557726242519,56.750629684449,0.0
39.566323713271,55.760071453225,0.0
38.828527028853,58.939926237855,0.0
40.544785698909,59.183404296193,0.0
40.446771357933,58.449924983063,0.0
39.664533581947,58.827299378016,0.0
38.714610675221,57.862912446348,0.0
39.573034995346,57.740528209256,0.0
40.409940439089,57.549081747928,0.0
41.348967826461,55.670688799755,0.0
41.304048428891,56.563051813687,0.0
41.269938714218,57.426444810688,0.0
41.269281815106,58.29021400641,0.0
41.240046417731,59.158043041542,0.0
42.256597442572,52.025493933486,0.0
42.243024622749,51.101347254204,0.0
44.135455472366,52.148952680928,0.0
44.117500303669,51.263122955412,0.0
43.179760982076,52.084408563096,0.0
43.171989480108,51.179914804813,0.0
42.284796763572,53.869268039946,0.0
44.15627681069,53.915413805792,0.0
43.196502218785,53.890899610548,0.0
42.270953114307,52.953705955372,0.0
43.188147748542,52.991684693024,0.0
44.150879048814,53.033555384254,0.0
38.548043795851,51.800955161091,0.0
38.518968018188,50.796501124663,0.0
40.410203654508,51.910857676472,0.0
40.385077297149,50.946866155817,0.0
39.486973558766,51.85513607326,0.0
39.456094341637,50.870952341248,0.0
38.607125159237,53.82180055423,0.0
40.460688063238,53.837597641384,0.0
39.549346697037,53.828692188095,0.0
38.578148554288,52.814707698239,0.0
39.51921215334,52.84743166941,0.0
40.43648524239,52.881579431938,0.0
41.314053977201,51.023664415925,0.0
41.33341164063,51.967643633816,0.0
41.353732253556,52.917004197709,0.0
41.372546037815,53.850494614242,0.0
44.154362286209,54.798342984586,0.0
43.197144168755,54.787544423111,0.0
42.288132884613,54.779763709306,0.0
41.378253608432,54.77658514917,0.0
40.472933643411,54.786286813787,0.0
39.569428614324,54.803783058146,0.0
38.632261506561,54.824517936121,0.0
37.910075885834,58.964121483181,0.0
37.821504754226,57.920658804596,0.0
37.759727221732,56.884850968946,0.0
37.714357911032,55.852184292527,0.0
37.678334634843,54.829827905498,0.0
37.651042158161,53.804684136802,0.0
37.626836170527,52.776359096209,0.0
37.602592378162,51.744275100808,0.0
37.578817585476,50.721253406279,0.0
30.981073078205,49.008007868116,0.0
31.933455023819,49.10942604119,0.0
32.861072628239,49.208268346444,0.0
33.788387148024,49.30720171482,0.0
34.72649458815,49.406005276479,0.0
35.668745672284,49.504763961901,0.0
36.614433398568,49.603587552173,0.0
37.558763578094,49.701224383532,0.0
38.496273500904,49.795981886107,0.0
39.433232053434,49.890809754042,0.0
40.366740141851,49.986284712144,0.0
41.300243543435,50.08247459106,0.0
42.233742394139,50.179379440669,0.0
43.167236831774,50.276999311466,0.0
44.108497733384,50.376967062523,0.0
31.077259292737,37.170010428812,0.0
32.006657972112,37.441691621282,0.0
32.914151617198,37.713364341988,0.0
33.852936413097,37.997817666348,0.0
34.859928762775,38.088389141242,0.0
35.798131775411,38.378842509008,0.0
36.716871017649,38.643465779573,0.0
37.652740397224,38.888375658355,0.0
38.609045205441,39.094977254793,0.0
39.511662022837,39.328425470509,0.0
40.416592312795,39.752527751501,0.0
41.353441834155,39.991169412493,0.0
42.272215748737,40.210956230664,0.0
43.203989181427,40.455016096632,0.0
44.155240244491,40.706940344682,0.0
45.148742260902,22.7514530376,0.0
45.332803847155,23.661640251097,0.0
45.324680581964,24.507506374825,0.0
45.243433281859,25.351922704829,0.0
45.116428372824,26.186927771114,0.0
45.018236534724,27.02681948334,0.0
44.991770652307,27.897594910765,0.0
45.164338605791,28.811589866627,0.0
45.177839484569,29.659842038875,0.0
45.147409131292,30.533309317315,0.0
45.124684282794,31.411154817123,0.0
45.108319325015,32.283408688192,0.0
45.098155935609,33.155803323006,0.0
45.091168019299,34.024453760895,0.0
45.085067232888,34.891688471429,0.0
45.082148349431,35.758942957589,0.0
45.085282179649,36.625584869046,0.0
45.090213092883,37.492905346373,0.0
45.094931590887,38.359225000514,0.0
45.099653165684,39.225415794756,0.0
45.103350302812,40.090518179422,0.0
45.110677444563,40.958111404732,0.0
45.132913197539,41.824340560572,0.0
45.16475856303,42.69314997748,0.0
45.188884723312,43.554459641637,0.0
45.180984691795,44.423348910201,0.0
45.164339820158,45.298144963664,0.0
45.163922183948,46.184765562113,0.0
45.168286826625,47.061259452112,0.0
45.159050733775,47.927470950562,0.0
45.120506994053,48.775410500256,0.0
45.075154275204,49.627489961034,0.0
45.04893065801,50.483920575254,0.0
45.067714318542,51.347373102365,0.0
45.105898429271,52.212018865304,0.0
45.137478158709,53.071965334541,0.0
45.140323779223,53.943524702914,0.0
45.13404426998,54.822324508903,0.0
45.138682390757,55.707996242475,0.0
45.144929987444,56.581579755398,0.0
45.135087926727,57.444946066729,0.0
45.092614332626,58.293999760014,0.0
45.041113621766,59.146540534206,0.0
10.810417175812,21.526558849989,0.0
10.772561404981,23.594010296051,0.0
10.790936270304,22.559559698993,0.0
8.7829364514762,21.106070827864,0.0
8.7974261710389,23.123715685486,0.0
8.7914451745961,22.110054404089,0.0
9.7945016046641,21.31888355972,0.0
9.7884208314254,22.332179873147,0.0
9.7814464281542,23.356405153247,0.0
10.18956928235,18.540815916039,0.0
10.248992107792,17.785048458076,0.0
11.086853861152,18.306778476264,0.0
10.825355250597,19.411810347952,0.0
8.5065889567369,17.151208601652,0.0
8.6866166321472,19.131083882544,0.0
8.5747906522163,18.137952114737,0.0
9.3797504175468,17.425661210282,0.0
9.4489717603162,18.387563068622,0.0
9.7183015605129,19.382267778674,0.0
10.821128835041,20.484383574546,0.0
9.7942814086998,20.320056644284,0.0
8.7585437441585,20.110289860082,0.0
14.655283561602,24.653947936108,0.0
12.732805589664,24.108686107164,0.0
13.704907981485,24.383170490742,0.0
14.66999112359,22.61937916606,0.0
12.778995958819,22.030368470114,0.0
13.737563574072,22.327354284606,0.0
14.662088072726,23.638594763631,0.0
13.720501787824,23.358699740881,0.0
12.755193463406,23.074339105273,0.0
14.692786279712,19.560573217758,0.0
14.685810036586,20.580977624857,0.0
12.860795141136,18.905229978593,0.0
12.824591310016,19.94348903274,0.0
13.787454388364,19.232988301856,0.0
13.771674785008,20.265170217307,0.0
14.677899024087,21.600173389672,0.0
13.75462124007,21.296177769384,0.0
12.801253427246,20.985241685832,0.0
11.75931893554,23.84209180227,0.0
11.7859417369,22.802328027224,0.0
11.814138162216,21.754343096051,0.0
11.839949325309,20.701505378271,0.0
11.875733438748,19.655323070493,0.0
11.964080014777,18.613987554748,0.0
10.876912899805,30.660162737833,0.0
8.9468272601569,30.14522809625,0.0
9.9112843657197,30.402380284381,0.0
10.83509111701,28.667924616834,0.0
8.8984798884349,28.154162914042,0.0
9.8646557523232,28.41029302911,0.0
10.856370512299,29.671181480778,0.0
9.8884266267893,29.412361415388,0.0
8.9231898795208,29.154624799844,0.0
10.772553072745,25.644682041378,0.0
10.792564599468,26.659692961021,0.0
8.8254352913554,25.144917261503,0.0
8.8490919338218,26.151275374536,0.0
9.794725633763,25.393250251636,0.0
9.8171486512828,26.404312539368,0.0
10.8138224794,27.664095111158,0.0
9.8408964271557,27.407610071353,0.0
8.8737806114062,27.153046425113,0.0
14.731989269467,31.730885141477,0.0
12.810171152568,31.197332099119,0.0
13.773132253981,31.471954484847,0.0
14.706753522156,29.703850630567,0.0
12.775927381556,29.185040763384,0.0
13.746328203461,29.44452530192,0.0
14.721138031317,30.71022676089,0.0
13.760156594611,30.450107511299,0.0
12.792235535312,30.19005453904,0.0
14.663732363562,26.679263437347,0.0
14.67802166995,27.68985762176,0.0
12.727266835794,26.158022759786,0.0
12.743338413297,27.173556648258,0.0
13.704832736463,26.419298871518,0.0
13.718696201461,27.432039894103,0.0
14.692381073314,28.697060777524,0.0
13.732508072406,28.438502763751,0.0
12.759628340881,28.179541467355,0.0
11.843914660127,30.922615717841,0.0
11.824306828242,29.930412525438,0.0
11.805515006479,28.926173864974,0.0
11.786733130322,27.921405579819,0.0
11.767961199777,26.916107667262,0.0
11.750035321019,25.89916559121,0.0
8.8065662910132,24.136969806226,0.0
9.779891401902,24.379872533184,0.0
10.761728237522,24.626822232134,0.0
11.74214347843,24.879274062644,0.0
12.719192794352,25.140587985923,0.0
13.696654778001,25.405860449647,0.0
14.65374823279,25.668677013788,0.0
2.975861856166,17.923485008305,0.0
0.9928990949239,17.9747467718,0.0
1.9854780259163,17.948669917783,0.0
2.9574079529933,15.912644158658,0.0
0.9863418577012,15.971161649073,0.0
1.9725010784444,15.941606787551,0.0
2.9666236479194,16.916763639671,0.0
1.9790075415325,16.944320117868,0.0
0.9896619194795,16.972575372062,0.0
6.7792450017459,18.560685267239,0.0
4.9097896953948,17.989648988138,0.0
5.8382052422888,18.237622115799,0.0
6.7180885859036,16.542249465197,0.0
4.879254942596,15.963151421905,0.0
5.7993845278314,16.213426501652,0.0
6.7481730542755,17.548861870138,0.0
5.8185329463637,17.222976567379,0.0
4.8943312477345,16.974119122767,0.0
3.9487999127554,17.913795999352,0.0
3.9361866413522,16.90336687921,0.0
3.923751382079,15.896580893169,0.0
3.0124402035854,21.950243584164,0.0
1.0056450378451,21.983432864989,0.0
2.0109539280945,21.966069577748,0.0
2.9942259525109,19.936889000942,0.0
0.9993126181707,19.979089721714,0.0
1.9982971841025,19.957369658002,0.0
3.0033518155669,20.943572307006,0.0
2.0046458578791,20.961719595999,0.0
1.0024889659581,20.981261269713,0.0
6.8704199533406,22.592360871826,0.0
4.9714907913659,22.048294814369,0.0
5.9168049039621,22.2910171629,0.0
6.8314857694075,20.578302116594,0.0
4.9406668273418,20.019667633393,0.0
5.8775230682866,20.265357373298,0.0
6.8513396816012,21.585303571574,0.0
5.8971685058362,21.278446766847,0.0
4.9560854664289,21.034155401959,0.0
3.9988104140976,21.95451217105,0.0
3.9863742608278,20.944482920348,0.0
3.9738937660101,19.934353885309,0.0
0.9961159944902,18.97691822205,0.0
1.9919079067774,18.953019764882,0.0
2.985062628364,18.93019334602,0.0
3.9613689692621,18.924124953974,0.0
4.9252348961803,19.004831995631,0.0
5.8578686322922,19.251749107378,0.0
6.8082400493278,19.57042678628,0.0
3.0573194810444,26.98342978352,0.0
3.0744021341442,28.993623663785,0.0
3.0661826893624,27.990034850584,0.0
1.0211212585354,26.994291514767,0.0
1.0268301511349,28.9974703087,0.0
1.0241556748786,27.996463372498,0.0
2.0418852253395,26.987820104771,0.0
2.0479496739428,27.992170326479,0.0
2.0534832575537,28.994416908484,0.0
3.0305044949065,23.963551263002,0.0
3.039480366829,24.970188236642,0.0
1.0118963538904,23.987776193231,0.0
1.014991598035,24.989947924173,0.0
2.0234482577937,23.974769668105,0.0
2.029634517254,24.97911977456,0.0
3.048418701153,25.976814325724,0.0
2.0357801731063,25.983469920459,0.0
1.0180665662521,25.992119698341,0.0
7.0214497308951,29.622590745588,0.0
5.0781235975908,29.132405312495,0.0
6.0530186658304,29.358520483336,0.0
6.9778688386239,27.621701011074,0.0
5.0483169653892,27.113750375787,0.0
6.0148500874298,27.34608124837,0.0
7.0001806803175,28.625791175279,0.0
6.0344315587443,28.355536176771,0.0
5.0636419705331,28.125790134569,0.0
6.911197587244,24.605721844404,0.0
6.9332755878274,25.611749413996,0.0
5.0022614127633,24.075526685931,0.0
5.0176266675248,25.088618234421,0.0
5.956050434175,24.314600566894,0.0
5.9756594999028,25.325613427939,0.0
6.9555671826306,26.617020487776,0.0
5.9952593931347,26.336106996692,0.0
5.0329785248399,26.101359605518,0.0
4.0838997469634,29.017977652099,0.0
4.0724942309526,28.012596629632,0.0
4.0603248325948,27.003164550833,0.0
4.0481109012444,25.993633054713,0.0
4.0358524639346,24.984002115451,0.0
4.0235495494849,23.974271693327,0.0
1.0087808338249,22.985604506502,0.0
2.0172213947367,22.970419602145,0.0
3.0214911018338,22.956903138614,0.0
4.0112021886207,22.964441734544,0.0
4.9868827805202,23.062085396257,0.0
5.9364322249519,23.303068457409,0.0
6.8900314509743,23.599177595423,0.0
7.6210005765552,16.864742254755,0.0
7.6652089353174,17.863425726907,0.0
7.7123861499821,18.866507666795,0.0
7.7548174993373,19.866538321362,0.0
7.7819263818989,20.868724367902,0.0
7.8012229839846,21.87128664353,0.0
7.8184041295854,22.877248614968,0.0
7.8367694956742,23.883091020269,0.0
7.8591067325885,24.887495080563,0.0
7.8835595400544,25.891072127947,0.0
7.9085745045119,26.89274138866,0.0
7.9336005429158,27.893755343616,0.0
7.9586376766233,28.894114117948,0.0
7.9825147511268,29.886239760554,0.0
10.697523566309,7.4593720800126,0.0
10.624640064585,9.4469345398794,0.0
10.658559642098,8.4816814541865,0.0
8.6809716394775,6.6457633033462,0.0
8.6335700243775,8.5957996350013,0.0
8.6575615740698,7.6382868454926,0.0
9.684568676082,7.0427676168733,0.0
9.6515688965521,8.055466371762,0.0
9.6146484268144,9.009094952926,0.0
10.958906599376,4.3774757780417,0.0
10.836675718727,5.406844216806,0.0
8.2416573698471,3.5968917833052,0.0
8.3915195865811,2.8451354052991,0.0
9.1847555013734,3.4926339711837,0.0
8.8122823571139,4.5648049088519,0.0
10.052839941033,3.9492150094288,0.0
9.8553759211145,4.9869698971792,0.0
10.747584232047,6.437759638147,0.0
9.7359535301702,6.0238309860256,0.0
8.718649203489,5.6400890118336,0.0
14.555636210998,9.2985434604071,0.0
14.534167418206,11.326700657959,0.0
14.544419184867,10.312857643331,0.0
12.667508657554,8.358845488254,0.0
12.599160956536,10.404519748335,0.0
12.630919492427,9.3817950963233,0.0
13.625479911968,8.8354085091162,0.0
13.59998604429,9.8534454746895,0.0
13.575984289957,10.871747793514,0.0
14.58945258104,6.2548074143162,0.0
14.578072587844,7.2700975671894,0.0
12.802134721613,5.3051072210729,0.0
12.752108049138,6.3215132342486,0.0
13.702136483677,5.7820537559005,0.0
13.676443365465,6.8003545992768,0.0
14.566854208428,8.2842900557869,0.0
13.650965687418,7.8177115036192,0.0
12.70646281818,7.3384930196541,0.0
11.617644299277,9.9298411371507,0.0
11.657835318302,8.9204666374737,0.0
11.70187437192,7.8955609191082,0.0
11.751340879071,6.8750084102467,0.0
11.818759437939,5.8557988127962,0.0
11.896091012448,4.8363790270078,0.0
10.122872749733,13.766694633529,0.0
10.982782414863,14.021418753653,0.0
10.211172827096,15.825138851038,0.0
11.087436778703,16.149270564523,0.0
10.164521670394,14.783584511642,0.0
11.033863358939,15.071312830157,0.0
8.4239436223305,13.239011668767,0.0
8.4559217884757,15.197992795617,0.0
8.4410492467865,14.214943929822,0.0
9.2788428888332,13.511852237754,0.0
9.3064878496233,14.500930392649,0.0
9.3358910616372,15.502932785334,0.0
10.928652499126,11.382105799686,0.0
10.232960371442,11.070800515616,0.0
10.106759499206,11.909758953094,0.0
10.950664644723,12.120693373473,0.0
8.5184557817076,10.431020406745,0.0
8.4480717825837,11.345633635346,0.0
9.4013340699908,10.766599075657,0.0
9.2969547907505,11.645397014231,0.0
10.949169352478,13.03098854636,0.0
10.093520062376,12.801427067201,0.0
9.2630590395257,12.546038510344,0.0
8.4167108821802,12.270574971711,0.0
14.641396445943,16.469655752469,0.0
14.67053246885,17.503658439727,0.0
12.809856530212,15.723601666129,0.0
12.860341881953,16.794620930913,0.0
13.720053451373,16.092025810402,0.0
13.761717716828,17.144793291323,0.0
14.552492646575,13.369910259631,0.0
14.581319681745,14.402257243645,0.0
12.657343559228,12.514191088976,0.0
12.708122078011,13.590611796188,0.0
13.592897650689,12.937024441984,0.0
13.634080345296,13.987361298156,0.0
14.611348928954,15.436360199616,0.0
13.67705787607,15.04022242171,0.0
12.756713064408,14.655485846458,0.0
11.965860824922,16.460644360861,0.0
11.907869250527,15.37428047505,0.0
11.848596822086,14.300750371809,0.0
11.801637770558,13.249076454438,0.0
11.773854000497,12.18245574102,0.0
8.592090344025,9.5354982799036,0.0
9.542323857448,9.926188398893,0.0
10.53824881192,10.32783410175,0.0
11.590209748718,10.987025879467,0.0
12.595751126144,11.444324078532,0.0
13.566293028313,11.895139203986,0.0
14.532600187054,12.342986232188,0.0
2.972322468117,6.9541006441396,0.0
0.9906175351786,6.9844091541648,0.0
1.9816221254504,6.9691357863926,0.0
2.9798631824599,4.9670925784122,0.0
0.9931593949235,4.988755539274,0.0
1.9866990891568,4.9778368007972,0.0
2.9760869225654,5.9605912389438,0.0
1.9841570207438,5.9734796436888,0.0
0.9918862718928,5.9865768229296,0.0
2.9953694644373,0.9931512779868,0.0
2.9874618374341,2.9800830426729,0.0
2.9913356720902,1.9865655668219,0.0
0.9982464684236,0.9975295070783,0.0
0.9956987266445,2.9931129233629,0.0
0.9969649353342,1.9952915912724,0.0
1.9968709439125,0.995350671861,0.0
1.9942976726201,1.9909081385743,0.0
1.9917694150956,2.9865510481261,0.0
2.9836471025901,3.9735890113782,0.0
1.9892365539409,3.9821939355715,0.0
0.9944302131742,3.9909342393908,0.0
6.756681833437,5.8211421465774,0.0
6.7411748919718,7.7618007222362,0.0
6.7488015272006,6.7924413763882,0.0
4.9091553541682,5.0563932208997,0.0
4.8991012327251,7.0335380382008,0.0
4.9041204094753,6.0449859257003,0.0
5.8211768486677,5.3822605251218,0.0
5.8166153567164,6.3633850199313,0.0
5.8120678715795,7.3444327845404,0.0
6.7159596021136,1.9082723728188,0.0
6.7511724409162,3.8813474732315,0.0
6.7132796338237,2.8882261359494,0.0
4.9332158441539,1.0801137128734,0.0
4.9194799862794,3.079179341405,0.0
4.9248686954249,2.0906217826099,0.0
5.8420158235572,1.4535359244026,0.0
5.8355301502302,2.4388114205714,0.0
5.830619151357,3.4199566279003,0.0
6.7626919670913,4.8545281851121,0.0
5.8258084646595,4.4010901133034,0.0
4.9142462121974,4.0677640146637,0.0
3.9413795072929,6.9491687899728,0.0
3.9459123067579,5.9576325883596,0.0
3.9504585675175,4.9660907803984,0.0
3.9550346581751,3.9745299081879,0.0
3.9596866174662,2.9829766174217,0.0
3.9644000733298,1.9914205453855,0.0
3.9758890411571,0.9934857175472,0.0
2.9501110404202,13.91160245727,0.0
0.9834278172028,13.970314620469,0.0
1.9670974494065,13.940721697683,0.0
2.9559337429801,11.921636822681,0.0
0.9852184174864,11.973575928055,0.0
1.970845881755,11.947413796222,0.0
2.9527673424486,12.915134206391,0.0
1.9687760909166,12.943056353918,0.0
0.9841814010732,12.971396981848,0.0
2.9654068496387,8.9411327001751,0.0
2.9622477594208,9.9346378981259,0.0
0.9883161730786,8.9801031992261,0.0
0.9872826035796,9.9779337691329,0.0
1.9770274110885,8.9604758919866,0.0
1.9749657952943,9.9561286100945,0.0
2.9590938818222,10.928138048094,0.0
1.9729091165478,10.951771214908,0.0
0.9862521516553,10.975754857122,0.0
6.688662830775,14.555380549825,0.0
4.8680900790294,13.958071675212,0.0
5.7836259869415,14.216517166183,0.0
6.6892085381443,12.603658385468,0.0
4.8763559183763,11.9761369534,0.0
5.7911673191977,12.249167125622,0.0
6.6885866950186,13.576345644625,0.0
5.7870891504938,13.229909301492,0.0
4.8719361137588,12.964533728201,0.0
6.7167451517871,9.6947101733079,0.0
6.7024239804123,10.661598951647,0.0
4.8896204189995,9.0106136359678,0.0
4.8851893863836,9.9991607202033,0.0
5.8034107175261,9.3064306008249,0.0
5.7993204210723,10.287415315434,0.0
6.6922336582098,11.630852658376,0.0
5.7952444075274,11.268335809682,0.0
4.8807736756592,10.987679264416,0.0
3.9143987046287,13.8938172159,0.0
3.917696130316,12.898311873089,0.0
3.9215289479261,11.906816750024,0.0
3.9253546755857,10.915303642231,0.0
3.9291733181858,9.9237725874028,0.0
3.933001101016,8.932238092811,0.0
0.9894004996365,7.9822564594983,0.0
1.9791905961522,7.9648063861065,0.0
2.9686915638763,7.947616278377,0.0
3.9369903108989,7.9406946133629,0.0
4.8941946233936,8.0220522585262,0.0
5.807612019076,8.3254180897065,0.0
6.7309164053291,8.7294531310746,0.0
7.5548674784168,2.347696039513,0.0
7.532645089875,3.3158463736602,0.0
7.7093201500689,4.3495150098785,0.0
7.7148982527438,5.2857990153635,0.0
7.6869682640579,6.2447062425031,0.0
7.6740910582714,7.2170188712766,0.0
7.6617678267189,8.1773670839826,0.0
7.6428680549803,9.1322166229549,0.0
7.6129538969912,10.073914394136,0.0
7.5835536443219,11.023006007332,0.0
7.5654304888442,11.976398173806,0.0
7.5657476164245,12.945231299456,0.0
7.5711570380582,13.914260899757,0.0
7.5755632461005,14.889362497557,0.0
14.691641136907,18.535631638968,0.0
13.790679336076,18.194326025022,0.0
12.886833389785,17.859234329793,0.0
12.000762352222,17.540504785794,0.0
11.12017816488,17.216330416688,0.0
10.247238443168,16.831485955121,0.0
9.3621442507932,16.481429984118,0.0
8.4730684089396,16.17642548394,0.0
7.587152814521,15.86988198382,0.0
6.6950204649544,15.539749976885,0.0
5.7851698604023,15.207286883148,0.0
4.8683706409317,14.954665077919,0.0
3.9146549152422,14.891196439512,0.0
2.9504244736315,14.909380373892,0.0
1.9675027280277,14.939360220451,0.0
0.9837475975209,14.969849158122,0.0
25.561795606288,26.877697835963,0.0
25.512687706452,28.81269293644,0.0
25.5372452722,27.845005321705,0.0
23.709037988952,26.195015666312,0.0
23.64925125072,28.16553026509,0.0
23.679038988253,27.180098875336,0.0
24.631577810466,26.535534693657,0.0
24.603391852731,27.511536449631,0.0
24.575197255804,28.487993120852,0.0
25.634655397956,23.986446932804,0.0
25.610874579359,24.944223243817,0.0
23.797771719836,23.254820638713,0.0
23.769005564404,24.226337182968,0.0
24.715088935776,23.620477029069,0.0
24.687923808209,24.584895920052,0.0
25.586338708684,25.910770477304,0.0
24.659755128971,25.55998785108,0.0
23.739026779378,25.210428401711,0.0
29.281484374567,28.244617904198,0.0
29.251003112725,30.106447040158,0.0
29.266123476165,29.175301478835,0.0
27.422226764162,27.562120353677,0.0
27.387664516922,29.462167787087,0.0
27.404947848224,28.512028831928,0.0
28.35244007031,27.904379708331,0.0
28.3387969481,28.845583449666,0.0
28.32515081928,29.78694280209,0.0
29.324984825657,25.455224534487,0.0
29.311843360308,26.384001571983,0.0
27.473762166404,24.718616771937,0.0
27.456771349882,25.662994819735,0.0
28.393302509439,25.0848171971,0.0
28.379717294872,26.022439050486,0.0
29.296844158976,27.314126780457,0.0
28.366080185902,26.963331575973,0.0
27.43950126472,26.612442350292,0.0
26.450176802865,29.137417828457,0.0
26.471097279945,28.178502785801,0.0
26.492011933308,27.219893059356,0.0
26.512920762931,26.261588647148,0.0
26.533823768791,25.303589547204,0.0
26.554213135448,24.352493429503,0.0
25.389791403888,33.656833011996,0.0
25.366980663546,34.607040486316,0.0
23.474899328875,33.099048580534,0.0
23.442611579844,34.06722265905,0.0
24.43409468463,33.377100270493,0.0
24.407490693873,34.338220183332,0.0
25.4635508801,30.749208560542,0.0
25.438971619556,31.718036573736,0.0
23.593309269239,30.138599307776,0.0
23.563792533155,31.128431543082,0.0
24.51878214453,30.442271216441,0.0
24.490561630258,31.420092644515,0.0
25.414385127476,32.687244723582,0.0
24.462332476945,32.398368995248,0.0
23.524081010523,32.115221013429,0.0
29.202762150914,34.773277844741,0.0
29.196437898419,35.700816200825,0.0
27.301181630448,34.216319788058,0.0
27.286491365294,35.151055630937,0.0
28.256875076209,34.496073804558,0.0
28.245684106813,35.426781721758,0.0
29.227473546139,31.972227495067,0.0
29.219074376308,32.905941370125,0.0
27.35308460828,31.363137136298,0.0
27.335788030971,32.313967534444,0.0
28.297849541827,31.670128348655,0.0
28.284194393208,32.611954547029,0.0
29.210917896233,33.839588258341,0.0
28.270536238,33.553936364956,0.0
27.318487038356,33.26502841768,0.0
26.326896506735,34.877238294637,0.0
26.34548706253,33.93657285413,0.0
26.366436657846,32.976131200742,0.0
26.38738042956,32.015994873462,0.0
26.40831837765,31.056163870309,0.0
23.620425354038,29.151598622951,0.0
24.546994019725,29.464904709171,0.0
25.488122909075,29.780760682081,0.0
26.429250502093,30.0966381893,0.0
27.370376770269,30.412537221195,0.0
28.311501683853,30.728457767714,0.0
29.237461685955,31.038690250638,0.0
18.290790805545,26.014772067528,0.0
16.50726017319,25.288027037328,0.0
17.407927951287,25.653556702196,0.0
18.305964265253,24.017813525409,0.0
16.508239339924,23.279580647543,0.0
17.412409590181,23.649564178914,0.0
18.298194864275,25.021925730832,0.0
17.410176591186,24.655322817316,0.0
16.507752093445,24.285760940272,0.0
18.328265183028,21.011385598014,0.0
18.321502805918,22.009569338029,0.0
16.508930594036,20.261748253718,0.0
16.509235922935,21.266594737246,0.0
17.418328086255,20.63565284057,0.0
17.416881868778,21.637680563485,0.0
18.313733579105,23.013694731329,0.0
17.414644682679,22.643683431141,0.0
16.508734550803,22.273192050158,0.0
21.83226932338,27.475304390597,0.0
20.057114519374,26.741259230912,0.0
20.939699765026,27.10698378432,0.0
21.887124956848,25.486574785784,0.0
20.093108718035,24.752333122525,0.0
20.986698420574,25.118603345609,0.0
21.859042578018,26.482880291282,0.0
20.962339270462,26.116748834964,0.0
20.074276241237,25.752638752927,0.0
21.96955649035,22.513217653358,0.0
21.943259910728,23.495361381854,0.0
20.148104713438,21.762320117189,0.0
20.130759949202,22.752415224836,0.0
21.058007736139,22.137521773596,0.0
21.035396079059,23.123372307404,0.0
21.915197327121,24.490735248384,0.0
21.011050690097,24.12081117335,0.0
20.111936620674,23.752258616727,0.0
19.174101977075,26.376564973358,0.0
19.186228093278,25.387697713766,0.0
19.199530653605,24.385403177835,0.0
19.212830904256,23.383219797915,0.0
19.226128845301,22.38114756338,0.0
19.238190626036,21.386941376711,0.0
18.429581152545,30.881696025957,0.0
18.558568707739,32.817490464526,0.0
18.503369249677,31.852919305037,0.0
16.599332508101,30.273332374012,0.0
16.646159910544,32.258347924992,0.0
16.623504972184,31.265008976804,0.0
17.533810025699,30.582176478142,0.0
17.567195866815,31.558229049565,0.0
17.600038338867,32.536864431966,0.0
18.318202732417,27.983246879912,0.0
18.353640745973,28.955931398748,0.0
16.528114762667,27.289738844624,0.0
16.551030780838,28.287949418442,0.0
17.435158943461,27.640669028767,0.0
17.46708128825,28.627635713771,0.0
18.387323598906,29.915691179193,0.0
17.500438498705,29.605312033448,0.0
16.57517410328,29.280979381008,0.0
21.496885221756,33.52055951421,0.0
20.519022846713,33.269487374969,0.0
19.992499929048,31.342212214104,0.0
21.553015097199,32.544525346107,0.0
20.545574588079,32.240930828771,0.0
21.800604536473,29.45662277845,0.0
21.78285843925,30.501187094312,0.0
20.067513813097,28.699982757821,0.0
20.097004813156,29.683336646195,0.0
20.930223401505,29.076645358849,0.0
20.939488181048,30.119544908572,0.0
21.715156931129,31.511109356314,0.0
20.891044464796,31.153036536741,0.0
20.097142333171,30.599644638409,0.0
19.543050988463,33.076205217851,0.0
19.493131484694,32.155358719613,0.0
19.283730951447,31.167948770661,0.0
19.256768914475,30.221927752137,0.0
19.238225495952,29.294767242724,0.0
19.200268125821,28.332453025332,0.0
16.511258586568,26.29086530516,0.0
17.412004991245,26.651887139873,0.0
18.292063051219,27.006544975974,0.0
19.172824235143,27.363384651646,0.0
20.049878809647,27.727900644067,0.0
20.925417141011,28.096075031432,0.0
21.810801944732,28.467588306644,0.0
22.881633175113,22.886568101556,0.0
22.85228434201,23.864245235008,0.0
22.82133922968,24.855738734807,0.0
22.790383710552,25.847760347975,0.0
22.759417742858,26.840310166368,0.0
22.729134360549,27.832101157591,0.0
22.701225366833,28.824491437124,0.0
22.677847917444,29.817119810328,0.0
22.645186612696,30.828881928588,0.0
22.589691015096,31.820687639075,0.0
22.510992339173,32.822324640529,0.0
22.474128135023,33.794058179827,0.0
25.626489110558,14.428062176986,0.0
25.575475427985,16.382830928426,0.0
25.600887630873,15.418320851188,0.0
23.649923914075,13.692290071412,0.0
23.659284708108,15.625517302565,0.0
23.652379981334,14.671069359304,0.0
24.636682830012,14.049066742857,0.0
24.624081492948,15.041615245463,0.0
24.614003882989,16.00115003077,0.0
25.77327669041,12.430248832731,0.0
23.197453988363,10.690847236504,0.0
23.788271189563,11.593590617269,0.0
24.811485390932,11.995413040856,0.0
25.668794580055,13.437623529498,0.0
24.67525913424,13.041526996664,0.0
23.670499578705,12.682787722956,0.0
29.355685533375,17.077069898867,0.0
29.335935100203,18.009731147914,0.0
27.507960085452,16.226693012327,0.0
27.473288940748,17.182995325389,0.0
28.442171777946,16.655802258642,0.0
28.412913993417,17.59922778731,0.0
29.419040578682,14.268863000674,0.0
29.39773081089,15.205010889008,0.0
27.634955413906,13.338706689784,0.0
27.584679706973,14.297745944705,0.0
28.535537648627,13.806340787413,0.0
28.50414963339,14.756115033947,0.0
29.376710980788,16.140863947106,0.0
28.473166310949,15.705686380487,0.0
27.544612677256,15.26050544591,0.0
26.53196485399,16.77450639262,0.0
26.569084745856,15.809594548663,0.0
26.607122805104,14.829785233868,0.0
26.65307201014,13.855544776988,0.0
26.725671701402,12.879959934454,0.0
25.623452101488,21.131717921588,0.0
25.641706266779,22.080228182126,0.0
23.774547463834,20.370718845204,0.0
23.801309598871,21.327335651431,0.0
24.697409141564,20.750358627201,0.0
24.720703719294,21.703335021108,0.0
25.566231920234,18.299904891817,0.0
25.584345858702,19.251404273565,0.0
23.691327728874,17.531019125287,0.0
23.718300915928,18.481031636504,0.0
24.62469097209,17.913330382528,0.0
24.647935586578,18.864620465536,0.0
25.60389395074,20.191833149863,0.0
24.672666358116,19.807813304192,0.0
23.746418214275,19.426244787012,0.0
29.330161813256,22.66390781794,0.0
29.332782389693,23.594442070466,0.0
27.475511330486,21.89572186583,0.0
27.48373480478,22.834850905666,0.0
28.401527508593,22.278366475795,0.0
28.404760126009,23.212580694646,0.0
29.320538086158,19.874083712612,0.0
29.323707773589,20.806256132222,0.0
27.448259619112,19.083165426849,0.0
27.45711757286,20.027426365238,0.0
28.389472037959,19.479266016607,0.0
28.393478922476,20.416664605932,0.0
29.326932187971,21.735160612037,0.0
28.397501239168,21.347625945152,0.0
27.466311437106,20.961739491037,0.0
26.562716740959,22.45740010322,0.0
26.549486179426,21.513505674351,0.0
26.535108992146,20.576475218938,0.0
26.520739869321,19.639006247175,0.0
26.507398163202,18.689383094244,0.0
23.669788537101,16.580182435711,0.0
24.610061477947,16.961041040633,0.0
25.558568618246,17.347220488857,0.0
26.505464303649,17.738680544552,0.0
27.448479167314,18.138608883819,0.0
28.391894434298,18.542467221983,0.0
29.321955783253,18.942938254871,0.0
18.166965034684,11.108908383684,0.0
18.204096008892,13.089043309981,0.0
18.185525515406,12.099243248776,0.0
16.383378543512,10.211248354178,0.0
16.401970337268,12.219338329356,0.0
16.392550033691,11.215516091834,0.0
17.280850740458,10.662515022596,0.0
17.296128989243,11.66043901281,0.0
17.311416071132,12.657890886107,0.0
18.111521745274,8.1346404670611,0.0
18.12987411184,9.1266342350736,0.0
16.356061005612,7.1961621829867,0.0
16.365063807007,8.2016660905758,0.0
17.235245904069,7.6658422702193,0.0
17.25032074246,8.6652506848516,0.0
18.148414566804,10.118038713011,0.0
17.265581324841,9.6641189138228,0.0
16.37421667428,9.2066317555174,0.0
21.740957833582,12.902583052829,0.0
21.792177068909,14.818705767215,0.0
21.765861441104,13.861488058605,0.0
19.939190937827,12.001735477783,0.0
19.989452762546,13.951409623931,0.0
19.964315664934,12.976902603392,0.0
20.825302510617,12.448169192532,0.0
20.853709251665,13.415757703888,0.0
20.882129541291,14.38262349597,0.0
21.613331542614,10.010323644172,0.0
21.677249231783,10.987644636612,0.0
19.864071684757,9.0722462875058,0.0
19.888978595518,10.049420904187,0.0
20.740345753988,9.5410538956071,0.0
20.768529674682,10.510824004618,0.0
21.716298639503,11.947948725646,0.0
20.796909318253,11.479857960056,0.0
19.914078581323,11.02590824531,0.0
19.096774912106,13.520216225539,0.0
19.074921079961,12.538064448606,0.0
19.053078439716,11.555315205066,0.0
19.031246991459,10.571968493178,0.0
19.009426735274,9.5880243112055,0.0
18.987797010255,8.6034418086928,0.0
18.29709866514,18.030021617275,0.0
18.315615640638,19.02215686085,0.0
16.475579493718,17.244178548335,0.0
16.49170446852,18.250576790116,0.0
17.387983974777,17.638068556714,0.0
17.403380031769,18.636322181502,0.0
18.241267033856,15.06703902752,0.0
18.259867565182,16.055234687264,0.0
16.427246358748,14.228031498643,0.0
16.443162601407,15.233663020417,0.0
17.34201673395,14.651378288549,0.0
17.357330314745,15.647413821006,0.0
18.278478108968,17.042895549943,0.0
17.372652728376,16.642977243172,0.0
16.459363910039,16.239169384604,0.0
21.937524424054,19.599083324909,0.0
21.966803067645,20.56582720687,0.0
20.11532380482,18.814043213809,0.0
20.140100599366,19.793845242949,0.0
21.024434214308,19.206111732426,0.0
21.052349827781,20.179698531586,0.0
21.847810115956,16.73254861363,0.0
21.877550234403,17.688912469432,0.0
20.039764068903,15.898443357008,0.0
20.064938277454,16.870970073164,0.0
20.939010765843,16.314186929739,0.0
20.967471700554,17.278884575156,0.0
21.907530646062,18.644375641664,0.0
20.995946183411,18.242859508758,0.0
20.090124856126,17.84283669149,0.0
19.227855849857,19.407997952844,0.0
19.206211948333,18.422013172477,0.0
19.184302157974,17.442848702245,0.0
19.162403559086,16.463086774203,0.0
19.140516151754,15.482727386581,0.0
16.412939791563,13.223097195441,0.0
17.326711986056,13.654870644136,0.0
18.222676515068,14.078308568994,0.0
19.118639936066,14.501770537613,0.0
20.014602230568,14.925256541201,0.0
20.910563379386,15.348766570633,0.0
21.819106202652,15.775676592716,0.0
22.454753157319,10.444266747778,0.0
22.655350957785,11.449727249854,0.0
22.67432281964,12.372122380038,0.0
22.669342747771,13.324630855836,0.0
22.687767106314,14.28565763888,0.0
22.709672881697,15.23771768872,0.0
22.732943336372,16.189845735764,0.0
22.760725855152,17.141131907886,0.0
22.79090666465,18.091843232159,0.0
22.821709389554,19.040507571898,0.0
22.852525659747,19.988386002748,0.0
22.882256948948,20.949228323013,0.0
29.332496564112,24.524701814549,0.0
28.403734904593,24.14696693479,0.0
27.485800843955,23.774087205716,0.0
26.567867735214,23.401346893358,0.0
25.649935663111,23.028745991295,0.0
24.732004712576,22.656284490308,0.0
23.815125891437,22.284125733784,0.0
22.898494362029,21.910235686668,0.0
21.983764688028,21.532397659681,0.0
21.069292236176,21.152672374504,0.0
20.155867435964,20.773071665838,0.0
19.242436927575,20.393423343398,0.0
18.329000641306,20.013727409347,0.0
17.415558505372,19.633983868023,0.0
16.504606495745,19.255977104371,0.0
15.691318048841,31.987305165282,0.0
15.678431259377,30.978742398676,0.0
15.662206913715,29.97534230592,0.0
15.645992192282,28.971455699221,0.0
15.629787295926,27.967082719364,0.0
15.614148679887,26.960248125282,0.0
15.602232732427,25.953659053516,0.0
15.59887867903,24.945725439887,0.0
15.598854709643,23.93823738023,0.0
15.599198067782,22.928547290259,0.0
15.599545015996,21.918677042512,0.0
15.599895261148,20.908626330573,0.0
15.599524104767,19.898268602841,0.0
15.594823479363,18.885453676738,0.0
15.580143879815,17.869631871206,0.0
15.561622410636,16.85268442259,0.0
15.542743481676,15.836305205145,0.0
15.523874946026,14.819354872874,0.0
15.505578147676,13.803114249552,0.0
15.491000868828,12.789229806848,0.0
15.485160801211,11.779318112371,0.0
15.482871686361,10.76974723921,0.0
15.481024194257,9.7594544161374,0.0
15.479180464917,8.7489590074528,0.0
15.477340391275,7.7382611373736,0.0
15.475610045011,6.7266783918286,0.0
10.349808973255,51.674102090527,0.0
8.3838113047253,51.558221433846,0.0
9.3778042561295,51.616152578352,0.0
10.43769062139,49.599090345037,0.0
8.500363238894,49.459370499545,0.0
9.4726671463778,49.527281612457,0.0
10.393756294914,50.636252810942,0.0
9.4252428040194,50.571341550101,0.0
8.4334718545676,50.510084779953,0.0
10.568698666952,46.515281067104,0.0
10.525520288617,47.526825848756,0.0
8.6611288814576,46.329059656539,0.0
8.6133165365567,47.356053829835,0.0
9.6138555529351,46.422104798955,0.0
9.5674732143116,47.441415003623,0.0
10.481611952638,48.562614691434,0.0
9.5200772831576,48.483972764078,0.0
8.5612832209402,48.408054176658,0.0
14.249343888534,51.910162359163,0.0
12.293796838537,51.791042918683,0.0
13.265779950634,51.850034231086,0.0
14.312194203694,49.891944877467,0.0
12.367711289112,49.744001300134,0.0
13.332708446586,49.817103518271,0.0
14.280773647655,50.900828289238,0.0
13.299248863976,50.833322776519,0.0
12.330759342715,50.767243426143,0.0
14.404371270061,46.855158013696,0.0
14.37500734569,47.875529821917,0.0
12.481013954403,46.682672677768,0.0
12.441583508421,47.699189141897,0.0
13.433762628132,46.75956936899,0.0
13.399599619492,47.786141584759,0.0
14.343605466394,48.883512073004,0.0
13.366158698435,48.801376454848,0.0
12.404652677692,48.721316539203,0.0
11.321806506621,51.732398871223,0.0
11.362261813643,50.701553436942,0.0
11.402705341398,49.671330241646,0.0
11.443137089847,48.641729283923,0.0
11.483557058951,47.612750562356,0.0
11.525036994399,46.605034094623,0.0
10.041994660831,58.957910482171,0.0
8.047495962071,58.942950498277,0.0
9.0455169340804,58.950479774316,0.0
10.129877438696,56.873650741803,0.0
8.1456201236574,56.82958085043,0.0
9.1403984353407,56.851474125624,0.0
10.085852146829,57.91562093235,0.0
9.0928746552396,57.900791725651,0.0
8.0965194201675,57.886022979668,0.0
10.261875344555,53.751861096241,0.0
10.217889037601,54.791770825122,0.0
8.2927681513793,53.665087598192,0.0
8.243777369624,54.719072485037,0.0
9.2828845439422,53.708027912039,0.0
9.2354033797381,54.755092220155,0.0
10.173889735633,55.832367373185,0.0
9.1879080101889,55.802907624237,0.0
8.1947060433378,55.773930661609,0.0
14.029299659449,58.987854875821,0.0
12.034945851447,58.972904812848,0.0
13.031419281581,58.980468435184,0.0
14.092060215961,56.963594143634,0.0
12.108825952126,56.918400930149,0.0
13.098295424004,56.940974500902,0.0
14.060577141335,57.97563305642,0.0
13.064770526901,57.960639164697,0.0
12.071800101979,57.945544652349,0.0
14.186457122882,53.930182661377,0.0
14.155000297597,54.940868979851,0.0
12.219840156974,53.840314009163,0.0
12.182845979658,54.865785610005,0.0
13.198814131878,53.884933735142,0.0
13.165317226522,54.903121787614,0.0
14.123534631677,55.952006128836,0.0
13.131810990554,55.921802042371,0.0
12.145841244697,55.891814583184,0.0
11.038470972134,58.965385495094,0.0
11.078827302059,57.930538574738,0.0
11.119353283869,56.895959676876,0.0
11.159867486644,55.862003026472,0.0
11.200369910344,54.828668622116,0.0
11.240860554933,53.795956462397,0.0
8.3402486384868,52.611338630992,0.0
9.3303515027549,52.661714698551,0.0
10.305848656454,52.712638185168,0.0
11.281339420372,52.763866545904,0.0
12.256823776612,52.815399779206,0.0
13.232301706592,52.867237883463,0.0
14.217905016754,52.919947134993,0.0
2.8824997206526,47.974304344893,0.0
0.962441061103,47.991002595654,0.0
1.9241286484401,47.98304619524,0.0
2.9282985375827,45.937103624085,0.0
0.9778838330603,45.977423913175,0.0
1.9544500392237,45.956673623922,0.0
2.9061247238855,46.96262309,0.0
1.9396682150822,46.973710605087,0.0
0.9707305112309,46.985818916793,0.0
6.6599064285159,48.273985119024,0.0
4.7927003374184,48.028308751974,0.0
5.7268983854595,48.17003213815,0.0
6.7622732464808,46.135262642931,0.0
4.8592153958934,45.955832063873,0.0
5.8117202511873,46.036221663892,0.0
6.7169259826211,47.170319915231,0.0
5.7703233920169,47.072168537266,0.0
4.8236376874814,46.99184075517,0.0
3.8386898781994,47.973328109833,0.0
3.8677624970048,46.960288045426,0.0
3.8970024416599,45.927585544318,0.0
1.0289406176614,51.947910970679,0.0
0.9763030726443,49.984097470992,0.0
1.0012080352022,50.967523364786,0.0
3.1102082830626,51.829454557751,0.0
2.9197963530606,49.942513653375,0.0
3.0246508292348,50.889726870762,0.0
2.0612466065985,51.889908763033,0.0
2.006514829507,50.9280383922,0.0
1.9549727881167,49.962526786213,0.0
6.3247481929221,51.531253680878,0.0
5.2653640116992,51.593477199153,0.0
4.6330632965994,49.821731615686,0.0
6.382191579436,50.484622507423,0.0
5.282146955519,50.514230054753,0.0
4.1882216945479,51.738471770225,0.0
4.108092260347,50.834423400179,0.0
3.840457842205,49.918207773461,0.0
0.9600907132797,48.995238473188,0.0
1.9207832306938,48.988340902942,0.0
2.8720913335463,48.979412218832,0.0
3.808383726637,48.963577264123,0.0
4.750402953726,49.013447089113,0.0
5.6409462243468,49.277400798906,0.0
6.561184124985,49.360038929742,0.0
1.0375788288022,55.945348803551,0.0
1.0526529480353,53.928127478043,0.0
1.046286838458,54.932283356473,0.0
3.106346763451,55.84154946095,0.0
3.1548227630302,53.786379070472,0.0
3.1321690667631,54.802625586164,0.0
2.0731093654441,55.892945860006,0.0
2.0905552160376,54.866831625439,0.0
2.1047639967681,53.857069355857,0.0
6.185028446214,55.754402491504,0.0
5.1663514625208,55.768278304558,0.0
6.2774544772255,53.644581411549,0.0
5.2484546618574,53.673427618176,0.0
6.2311312606087,54.695065471021,0.0
5.207518275828,54.712049656705,0.0
4.1379758176621,55.79630827779,0.0
4.1719110721502,54.746337288285,0.0
4.2037616715676,53.720774672655,0.0
1.011520785875,58.984951328471,0.0
1.0202465933312,57.971479365219,0.0
3.0289437182648,58.959041392184,0.0
3.0548720218835,57.919462643696,0.0
2.0208103617485,58.971868883911,0.0
2.0383864831405,57.945173709893,0.0
6.0466797514962,58.937100988878,0.0
5.0427712058359,58.940437098459,0.0
6.0928440064648,57.875273590758,0.0
5.0840680610809,57.882259690352,0.0
4.0363148223065,58.94770700473,0.0
4.0702960054276,57.896716118527,0.0
1.0288987471082,56.958414138704,0.0
2.0557197878455,56.919059886812,0.0
3.0805810883976,56.880495328414,0.0
4.104104135672,56.8464344727,0.0
5.125201399262,56.82501482697,0.0
6.1389327709586,56.814471571114,0.0
1.0502646436656,52.92993971897,0.0
2.1021875321451,52.857149688767,0.0
3.1584903265443,52.782162088367,0.0
4.2158514854332,52.706978022251,0.0
5.2760446751578,52.641477732991,0.0
6.3144325018828,52.596541313371,0.0
7.7096632402117,46.234326821604,0.0
7.6613236537428,47.267214158291,0.0
7.6016813272429,48.340482090497,0.0
7.5230739038306,49.400036640454,0.0
7.4271779341299,50.472625282456,0.0
7.3781995594259,51.518891407586,0.0
7.3446898353709,52.579410075691,0.0
7.2981067171792,53.63636657196,0.0
7.2481016469417,54.69347039955,0.0
7.1983899476123,55.75319153702,0.0
7.1486619653012,56.81372999395,0.0
7.0989176569835,57.875085968737,0.0
7.0491481462964,58.93726237464,0.0
11.07931947494,36.345241214337,0.0
11.129765953149,38.196339612302,0.0
11.108236660435,37.270512943318,0.0
8.9852427756893,35.883009691375,0.0
8.9904050848491,37.769719916093,0.0
8.9884195465437,36.827446640065,0.0
10.012067567605,36.110008107154,0.0
10.02801089775,37.046838495498,0.0
10.042168158169,37.980642142184,0.0
10.904076842892,32.589291319379,0.0
10.947712073559,34.473678541879,0.0
10.911977633453,33.533543758605,0.0
8.9725642017568,32.092723366728,0.0
8.978884744422,33.993491909248,0.0
8.9757054843658,33.048410740223,0.0
9.948553082472,32.345600098544,0.0
9.9642772050591,33.29695322701,0.0
9.9802007181528,34.235065408431,0.0
11.027484675441,35.416171184743,0.0
9.9961308400542,35.172750391069,0.0
8.982064187422,34.938358177911,0.0
14.420810074809,38.773668724232,0.0
13.334891319516,38.592722564982,0.0
14.415032439201,36.815468890369,0.0
13.306058421642,36.681254126347,0.0
14.417049470489,37.799758572225,0.0
13.321268660628,37.644732564155,0.0
14.658083121732,33.789239318612,0.0
14.566172760438,34.817192662457,0.0
12.784131171518,33.179086390164,0.0
12.632904309182,34.847175590931,0.0
12.733162524378,34.106316730623,0.0
13.704513297866,33.540361960941,0.0
13.615672428971,34.595683921633,0.0
14.448496703953,35.828230020442,0.0
13.312272012654,35.668039626446,0.0
12.223413400617,38.403352070518,0.0
12.197662704763,37.475967199375,0.0
12.176933095219,36.553654738399,0.0
12.110985851444,35.659481272983,0.0
11.866908987127,34.706967473937,0.0
11.834747085618,33.771974310693,0.0
11.85543127005,32.84768523814,0.0
10.797321183973,42.71779352867,0.0
10.664017447978,44.56849146761,0.0
10.717296788042,43.630333376222,0.0
8.8317034018348,42.444751399699,0.0
8.7496248825788,44.34006819509,0.0
8.7910168206726,43.380446611917,0.0
9.8316542744261,42.585889339698,0.0
9.7746956281755,43.506824487686,0.0
9.7169680809924,44.453176309318,0.0
11.085716489074,40.024944542684,0.0
11.015031424804,40.925138625672,0.0
8.9526376655069,39.641683649895,0.0
8.913023567023,40.575120507223,0.0
10.000859419658,39.828205697412,0.0
9.945516396061,40.746567453504,0.0
10.9201385924,41.819985767626,0.0
9.8885945370066,41.665803590924,0.0
8.8723727872284,41.509643190266,0.0
14.367605899268,43.721010236327,0.0
14.405065457003,44.774111542671,0.0
12.471823285799,42.979584335829,0.0
12.530137557484,43.745827800968,0.0
12.530646558656,44.684029651593,0.0
13.416722483503,43.58779455847,0.0
13.446699781432,44.66584171418,0.0
14.372320941937,40.714617270349,0.0
14.322096639555,41.689343711507,0.0
13.286086505543,40.474209724717,0.0
13.222404647826,41.419780956957,0.0
14.304507435948,42.677751968589,0.0
13.176261677616,42.418919631933,0.0
11.6075281455,44.667662686805,0.0
11.635043337034,43.741972806379,0.0
11.714185313392,42.834945840405,0.0
12.00066366178,41.989134224324,0.0
12.111030390488,41.1351804864,0.0
12.176599069544,40.235092151996,0.0
8.9829538251525,38.708301715611,0.0
10.040892495477,38.908999905226,0.0
11.132347586596,39.116664145043,0.0
12.227699673651,39.326022360868,0.0
13.332147899644,39.538696766269,0.0
14.412138731464,39.74760584534,0.0
3.0377124828797,34.966355627751,0.0
3.019832939496,36.952289991412,0.0
3.0287686853519,35.959322449892,0.0
1.0137200740216,34.987590483927,0.0
1.0076000429538,36.982960401824,0.0
1.0106579925627,35.9852754509,0.0
2.0278568152213,34.975951920853,0.0
2.0217373966499,35.971322305029,0.0
2.0156262305087,36.966692667008,0.0
3.073383171459,30.992000848932,0.0
3.0556242405134,32.98042400606,0.0
3.0645922044925,31.987459138887,0.0
1.0260398412962,30.996153599784,0.0
1.0198566324888,32.992220502245,0.0
1.0229311094969,31.994535487738,0.0
2.0523580751615,30.992900429207,0.0
2.0462645855138,31.989840636554,0.0
2.0401204096536,32.985211086476,0.0
3.0466643339609,33.973389491087,0.0
2.0339844862227,33.980581514622,0.0
1.0167862873304,33.989905501008,0.0
6.9819971354377,35.44340945176,0.0
6.9572255839114,37.368150436582,0.0
6.9697540369745,36.405898972072,0.0
5.0269842628795,35.061282494032,0.0
5.0002885890625,37.027245060289,0.0
5.0136350687982,36.044232154578,0.0
5.9993318255535,35.234770286791,0.0
5.9846470078288,36.207727947034,0.0
5.9699637219405,37.180784382233,0.0
7.0304792961575,31.587483500394,0.0
7.0064662821425,33.518567125877,0.0
7.018694413981,32.556214327911,0.0
5.0799400058279,31.125494763197,0.0
5.0536907986764,33.095572860147,0.0
5.0670481427732,32.112812862917,0.0
6.0574961252933,31.338472047382,0.0
6.0433954538792,32.316490856559,0.0
6.0287060501825,33.289151651428,0.0
6.9942342138863,34.480965511673,0.0
6.0140181735366,34.261911491556,0.0
5.0403361724476,34.078396066554,0.0
4.0157848641574,36.956529574945,0.0
4.0272148565711,35.966927989251,0.0
4.038654078274,34.977342231396,0.0
4.0501025299148,33.987772259924,0.0
4.0615602121346,32.998218033126,0.0
4.0730271255686,32.008679509032,0.0
4.0841689515829,31.015672373085,0.0
2.957713081435,43.911144347169,0.0
0.9867082843003,43.969353052131,0.0
1.9734328403176,43.939582033597,0.0
2.9752749218693,41.917139680387,0.0
0.9923722726641,41.971384912053,0.0
1.9851941862678,41.943544138908,0.0
2.9663874484526,42.910112253416,0.0
1.9791325347149,42.938914364664,0.0
0.9893391141582,42.969069764478,0.0
3.0019855954497,38.938227368491,0.0
2.9930739936698,39.931197272149,0.0
1.0014965392865,38.978330255109,0.0
0.9984509852284,39.976015157261,0.0
2.0034286555184,38.957433323803,0.0
1.9973422466698,39.952803618329,0.0
2.9841704363808,40.924168031382,0.0
1.9912640902529,40.94817389008,0.0
0.9954095630209,40.973700042945,0.0
6.8665974871157,42.175766554592,0.0
6.8268560322734,44.119079207633,0.0
6.8469337541849,43.13788772924,0.0
4.9335968677486,41.943258696309,0.0
4.9068214749114,43.923565139816,0.0
4.9202666517905,42.926651332251,0.0
5.8965703238512,42.047545033857,0.0
5.8818962609431,43.021192230138,0.0
5.8669282140921,44.011093865058,0.0
6.9252771652897,39.290801361722,0.0
6.9058977956178,40.252151800401,0.0
4.9736037682181,38.993460656074,0.0
4.9602654249786,39.976663370813,0.0
5.9406017518876,39.127193217518,0.0
5.9259230707775,40.100545437723,0.0
6.8862526656367,41.213854809603,0.0
5.9112459276095,41.073996073117,0.0
4.9469297918209,40.959929380041,0.0
3.9360796882702,43.894977992057,0.0
3.9473986870269,42.89447376224,0.0
3.9587733179704,41.904776353616,0.0
3.9701571740556,40.915095016058,0.0
3.9815502560125,39.925429709687,0.0
3.9929525645535,38.935780394361,0.0
1.004546225195,37.980645336595,0.0
2.0095233167981,37.962063006647,0.0
3.0109052434658,37.945258286272,0.0
4.0043641003745,37.94614702967,0.0
4.9869448225624,38.010321223359,0.0
5.9552819694474,38.153939502382,0.0
6.9430106478281,38.329746517666,0.0
7.997874185654,31.839313694327,0.0
7.9900666106834,32.800022240154,0.0
7.9819861520428,33.752661984123,0.0
7.9739049968321,34.70527675266,0.0
7.965822955269,35.657866854073,0.0
7.9577398499648,36.610432597471,0.0
7.9491010152169,37.561957926486,0.0
7.9365696359865,38.51171353729,0.0
7.9147470036009,39.459605860466,0.0
7.8891270408051,40.408041697203,0.0
7.8630317503124,41.357328894925,0.0
7.8369279618444,42.306950403583,0.0
7.8108159140408,43.256907257235,0.0
7.784104447526,44.228643405081,0.0
14.420458775468,45.826958852557,0.0
13.456167441158,45.724148694536,0.0
12.516134476172,45.669058017166,0.0
11.568607206415,45.610383375359,0.0
10.614282655501,45.515720808418,0.0
9.6624883043376,45.412609522745,0.0
8.707480288525,45.311307400772,0.0
7.753158042029,45.210234327054,0.0
6.8018592543809,45.108327811068,0.0
5.8468163637655,45.007474689656,0.0
4.8892865063486,44.925972523289,0.0
3.9216151370145,44.899990336062,0.0
2.9468193376521,44.915527219949,0.0
1.9664986210134,44.942378237487,0.0
0.9835574805684,44.970551015246,0.0
25.749200400962,51.115951205936,0.0
25.68308980633,52.960419653572,0.0
25.716772749278,52.043764130625,0.0
23.603895330256,50.82701001812,0.0
23.516151703953,52.680509255194,0.0
23.56064837116,51.755813862061,0.0
24.672449668763,50.971155764438,0.0
24.633525791625,51.899347414417,0.0
24.593080197363,52.819612195879,0.0
25.845505351892,48.335363823052,0.0
25.814024890394,49.261921402541,0.0
23.732293886084,48.045016518954,0.0
23.690340265083,48.971696129492,0.0
24.787995591027,48.19020343713,0.0
24.750259577,49.116742460994,0.0
25.781617781333,50.18867030061,0.0
24.711360930556,50.043620783971,0.0
23.647125883196,49.898970661114,0.0
28.939023219341,53.392101669133,0.0
27.864279384666,53.247054987484,0.0
28.943211050856,51.541411410664,0.0
27.90274908398,51.402813951208,0.0
28.937911145828,52.468583229152,0.0
27.883327872296,52.3291225424,0.0
28.99221529124,48.765601725584,0.0
28.976471806391,49.690389401879,0.0
27.960529902598,48.625152433575,0.0
27.94157524258,49.551019174248,0.0
28.958459613608,50.61500696922,0.0
27.922164874064,50.476779499259,0.0
26.773544607045,53.10230719313,0.0
26.800040137905,52.187022508835,0.0
26.825966900863,51.259837270764,0.0
26.851885790433,50.333056541951,0.0
26.877796806627,49.406680310196,0.0
26.903016806439,48.480346823896,0.0
25.357233217122,57.390281696296,0.0
25.10594767902,59.119076857013,0.0
25.259375785738,58.25283701146,0.0
23.197735500695,57.252791425782,0.0
23.062460099908,59.081909019874,0.0
23.129910784778,58.166399667853,0.0
24.231918814208,57.312119837294,0.0
24.152531368265,58.205688214452,0.0
24.07354528819,59.101319977337,0.0
25.565615415547,54.756139582797,0.0
25.485144785108,55.639709991091,0.0
23.401537936262,54.516060761319,0.0
23.33330623457,55.429272978827,0.0
24.470546986353,54.633093049845,0.0
24.39060856319,55.529251544389,0.0
25.417106163579,56.517894201028,0.0
24.31127788122,56.419974285934,0.0
23.265534039933,56.340416252816,0.0
28.827859971494,58.005841753797,0.0
28.858595865955,58.979883972273,0.0
26.929170745362,59.328707220284,0.0
27.692044202886,57.823977017393,0.0
27.713522403535,58.841166279218,0.0
28.912168251879,55.222224460916,0.0
28.873587526268,56.138775008393,0.0
27.786120904057,55.053392124392,0.0
27.725978888632,55.960271978386,0.0
28.836752752048,57.055992890592,0.0
27.685501944025,56.872310176092,0.0
26.091605039013,59.167258300707,0.0
26.389132000686,58.375080061705,0.0
26.47425231404,57.536724879127,0.0
26.516681271444,56.65765557128,0.0
26.586555452982,55.77636132435,0.0
26.666151525043,54.891286579505,0.0
23.465345636714,53.602660089722,0.0
24.542752546828,53.735024742133,0.0
25.638177326752,53.870949127688,0.0
26.735348953262,54.011315915266,0.0
27.837259913343,54.161311165471,0.0
28.935930024271,54.31299397557,0.0
18.370671254295,50.267847661457,0.0
18.296027278607,52.209426193639,0.0
18.333354884593,51.238341787089,0.0
16.312868697721,50.066212665011,0.0
16.24979799253,52.049159959343,0.0
16.281338107153,51.057453831515,0.0
17.334347637689,50.165912567885,0.0
17.300660107117,51.146938543534,0.0
17.266962789658,52.128478072965,0.0
18.481811588413,47.360413032164,0.0
18.445270284491,48.328630240932,0.0
16.406258964517,47.094833966138,0.0
16.375900957787,48.085125144083,0.0
17.434848999248,47.22640403196,0.0
17.401693337889,48.205401266329,0.0
18.407976387624,49.297943813742,0.0
17.368025381303,49.185400143119,0.0
16.344389676841,49.075436442706,0.0
21.396324915097,52.455184854809,0.0
20.354151163047,52.37142319053,0.0
21.488718324203,50.576209051266,0.0
20.443312827625,50.471844705596,0.0
21.4426631533,51.51544592785,0.0
20.398739063984,51.421262033978,0.0
21.625488259777,47.763671541616,0.0
21.580780720215,48.700091080131,0.0
20.575729996584,47.62859251238,0.0
20.53241794251,48.575241520434,0.0
21.534757425227,49.637757458218,0.0
20.487872453843,49.523171202159,0.0
19.325090081109,52.290407900424,0.0
19.366047881766,51.329782951633,0.0
19.406992996006,50.369825041893,0.0
19.447925423719,49.410534168095,0.0
19.4888451648,48.451910327118,0.0
19.528771931335,47.494475860376,0.0
18.109220707504,57.073702544403,0.0
18.034638904326,59.023689114988,0.0
18.071825685672,58.048328698846,0.0
16.091957661666,57.014665377099,0.0
16.028983473182,59.004261848418,0.0
16.060362272866,58.009161439367,0.0
17.098329401541,57.04387912751,0.0
17.06457336425,58.028500039883,0.0
17.031024831931,59.013794161548,0.0
18.221338358134,54.153365861441,0.0
18.183977043825,55.126221128638,0.0
16.186689543923,54.033967150364,0.0
16.155121387891,55.027068230617,0.0
17.199538794363,54.093097804708,0.0
17.165812116668,55.076178012762,0.0
18.146604493585,56.099666688644,0.0
17.132075652371,56.059771786081,0.0
16.123544063664,56.020634306266,0.0
21.047247705834,59.053292052548,0.0
20.041864322006,59.043491336395,0.0
21.14787423905,57.163706237844,0.0
20.130999603424,57.133386507703,0.0
21.097413267115,58.107973775098,0.0
20.086326881408,58.088010700211,0.0
21.29912778243,54.336079901494,0.0
21.248743586372,55.2777795647,0.0
20.264932949802,54.273977000966,0.0
20.220302637749,55.22636966123,0.0
21.198317755687,56.220308219182,0.0
20.175658188913,56.179506162424,0.0
19.038252076322,59.033588173374,0.0
19.079076868417,58.068165585834,0.0
19.120110785321,57.103538338123,0.0
19.161132016453,56.139578147862,0.0
19.202140561706,55.176285012016,0.0
19.243136420971,54.213658927536,0.0
16.218248441896,53.041331062204,0.0
17.233255685383,53.110531159064,0.0
18.258688436424,53.181100884097,0.0
19.284119594142,53.251699891364,0.0
20.309549124944,53.32232817846,0.0
21.348769540273,53.395390484619,0.0
22.676711788718,47.901421836032,0.0
22.63139305131,48.830058106549,0.0
22.584688837194,49.759676357513,0.0
22.537968123158,50.690116619106,0.0
22.491230869848,51.621378848343,0.0
22.443787049468,52.551801393206,0.0
22.39352682149,53.481891720569,0.0
22.337910027594,54.410223311751,0.0
22.280660641126,55.339616363398,0.0
22.22363285849,56.269292549756,0.0
22.166584068505,57.199987707098,0.0
22.109514276991,58.131702556309,0.0
22.05280929887,59.064900190155,0.0
25.602114992345,39.168118510159,0.0
25.798230186805,40.951586582198,0.0
25.726586193345,40.062435742052,0.0
23.566524652083,38.766185956906,0.0
23.644192009814,40.609151929829,0.0
23.605150102701,39.686403925296,0.0
24.584922588341,38.965156211275,0.0
24.637517804844,39.869199507674,0.0
24.690596999231,40.779139621034,0.0
25.400635270486,36.469734020084,0.0
25.458068803734,37.379568976106,0.0
23.452292326758,35.983100709537,0.0
23.489316745213,36.92298317335,0.0
24.428870919251,36.227421897442,0.0
24.479792173395,37.153597789335,0.0
25.517310850133,38.270283558076,0.0
24.532347375271,38.059955633952,0.0
23.527913489654,37.845046063589,0.0
29.0978632858,40.365185125026,0.0
29.054779735421,41.312569861875,0.0
27.357289506737,39.415766069028,0.0
28.049771436361,40.15646001851,0.0
28.019495068855,41.151719613965,0.0
29.210100407857,37.543492941584,0.0
29.22490063237,38.476678413847,0.0
27.326417860851,36.988295907392,0.0
27.380523798423,37.879620211629,0.0
28.276680578881,37.267136692069,0.0
28.318287423136,38.191175118947,0.0
29.20027159675,39.429129719129,0.0
28.335095186825,39.163830203131,0.0
27.419962771983,38.715381159106,0.0
26.888209031905,41.083878697492,0.0
26.823084491488,40.217916634608,0.0
26.56726411441,39.346571019799,0.0
26.480748954113,38.471377062851,0.0
26.432818969941,37.612479011338,0.0
26.371432392551,36.719346191856,0.0
25.860454640153,45.546332568447,0.0
25.868760800192,46.477245205564,0.0
23.747173493292,45.253070222261,0.0
23.760749699096,46.185693472327,0.0
24.801862954157,45.399174788835,0.0
24.813844268328,46.331146724176,0.0
25.833416029966,42.763274095648,0.0
25.84193589266,43.684843991455,0.0
23.701321838563,42.458972007873,0.0
23.717488931624,43.38781028287,0.0
24.760696612907,42.611132182093,0.0
24.77553249208,43.535462007507,0.0
25.851192222514,44.615752836057,0.0
24.788693933226,44.4675224482,0.0
23.732327790236,44.320676824299,0.0
29.001422047486,45.984506297719,0.0
29.001500377498,46.912328213923,0.0
27.977604755004,45.842317696474,0.0
27.978576029323,46.770370011975,0.0
29.029032252162,43.201167508719,0.0
29.019062320497,44.133602068751,0.0
27.97600417026,43.048289009978,0.0
27.974680888811,43.986785110106,0.0
29.008244004754,45.058463503814,0.0
27.976141323335,44.914634142534,0.0
26.923671413588,46.623652971815,0.0
26.919035265105,45.694046874757,0.0
26.913674710634,44.764790071454,0.0
26.908318716407,43.835285029809,0.0
26.905274677093,42.908289833676,0.0
23.679063798557,41.531266149883,0.0
24.736298120382,41.689245451914,0.0
25.824794899382,41.844153017891,0.0
26.900019191761,41.980369992814,0.0
27.987981205176,42.103962052226,0.0
29.038118158662,42.265311376338,0.0
18.574991859445,37.654082046622,0.0
18.562693500879,39.596560571898,0.0
18.568842493204,38.625338148151,0.0
16.561395127812,37.193057179387,0.0
16.534108594144,39.171872944277,0.0
16.547822782168,38.18234261222,0.0
17.585007448248,37.426392736324,0.0
17.572106520364,38.406349399979,0.0
17.559203491059,39.386404096271,0.0
18.592445742693,34.744903455807,0.0
18.587291713898,35.711468792157,0.0
16.635634642387,34.236223865488,0.0
16.604909445994,35.219796517552,0.0
17.622241610956,34.49056081927,0.0
17.610802999682,35.466773489614,0.0
18.581141599658,36.682792262774,0.0
17.597906274693,36.446534100958,0.0
16.578433405314,36.205700423589,0.0
21.584040834244,40.228522416116,0.0
20.569667485248,40.016952399262,0.0
21.552064386371,38.338387592732,0.0
20.554955268973,38.109512215299,0.0
21.568058385115,39.283671900918,0.0
20.562308716982,39.063380769288,0.0
21.505796356268,35.490967481742,0.0
21.520099368728,36.446402038201,0.0
20.534223223008,35.244274606858,0.0
20.540264334607,36.200884315609,0.0
21.536077995188,37.392631022578,0.0
20.547607141441,37.155346732355,0.0
19.566181514854,39.806743342936,0.0
19.565576574363,38.844348608054,0.0
19.564974481686,37.881788543168,0.0
19.564375236958,36.919063143544,0.0
19.563778840316,35.956172404539,0.0
19.563163850863,34.996807771028,0.0
18.531954145944,44.452167688461,0.0
18.525122170229,45.42295613416,0.0
16.444507923051,44.117963743436,0.0
16.43923601513,45.11035131812,0.0
17.494656823781,44.288148225061,0.0
17.481295503668,45.268489121792,0.0
18.550396637741,41.538904404614,0.0
18.544248766813,42.510025823068,0.0
16.497481216286,41.150724692349,0.0
16.474672068804,42.13922359274,0.0
17.533391128255,41.346807604567,0.0
17.520481794785,42.327156425666,0.0
18.538101269567,43.481113582707,0.0
17.507570359956,43.307603297588,0.0
16.454890073018,43.127247984127,0.0
21.648792310028,44.944362828574,0.0
21.659491192826,45.886518850633,0.0
20.606541122744,44.780356868038,0.0
20.612770542409,45.732050438006,0.0
21.612706542573,42.116014461039,0.0
21.624906108802,43.059052052328,0.0
20.58440098167,41.923204907379,0.0
20.591775709388,42.875885795847,0.0
21.636846128922,44.001903284252,0.0
20.599155756485,43.828269780944,0.0
19.56894719749,45.57747657507,0.0
19.569248929739,44.616237238964,0.0
19.568629752225,43.654669080118,0.0
19.568013421843,42.692935616199,0.0
19.56739993873,41.731036842062,0.0
16.5181967259,40.161686621145,0.0
17.546298360351,40.36655682963,0.0
18.55654488241,40.567749322485,0.0
19.566789303022,40.768972752637,0.0
20.577031573551,40.970227110253,0.0
21.599358049401,41.172581800519,0.0
22.477288814244,35.737759712985,0.0
22.500921414028,36.688717644356,0.0
22.526317039893,37.624908576503,0.0
22.55172331984,38.560430778886,0.0
22.577140240445,39.49528500204,0.0
22.602795275401,40.430285304566,0.0
22.626960218892,41.364174214875,0.0
22.645986805812,42.298756296837,0.0
22.662312450459,43.233248740619,0.0
22.677923169272,44.168710102441,0.0
22.69354177815,45.10368924881,0.0
22.707807598679,46.038615218091,0.0
29.000987932861,47.839608468149,0.0
27.975122844057,47.69835974713,0.0
26.921692655352,47.552895001658,0.0
25.86826062945,47.407494417307,0.0
24.814826826953,47.262158002429,0.0
23.762122056602,47.116982098857,0.0
22.708955993866,46.971738516046,0.0
21.658043367438,46.826679457601,0.0
20.60809088979,46.68172554763,0.0
19.559930118114,46.53705889603,0.0
18.511767619735,46.392447929295,0.0
17.46360342471,46.247892651706,0.0
16.429853907373,46.103676348349,0.0
15.027674525764,58.995472323478,0.0
15.057495104364,57.991194330385,0.0
15.087547311864,56.987292091805,0.0
15.117591436994,55.98381724148,0.0
15.147627463124,54.980769784951,0.0
15.177655373672,53.978149727169,0.0
15.207675152112,52.975957072503,0.0
15.237686781971,51.974191824737,0.0
15.26769024684,50.972853987076,0.0
15.29768553037,49.971943562144,0.0
15.327672616279,48.971460551991,0.0
15.357651488358,47.971404958091,0.0
15.385174272486,46.966773468945,0.0
15.401929968666,45.958390687254,0.0
15.396935146037,44.941012779572,0.0
15.388110205859,43.931387528874,0.0
15.391992669195,42.926444086523,0.0
15.420371063398,41.936588703721,0.0
15.45572618253,40.946216145063,0.0
15.484966124152,39.956830540527,0.0
15.50145031418,38.96495609395,0.0
15.512792108486,37.973827979182,0.0
15.522902991096,36.980267008443,0.0
15.540984306547,35.989456942512,0.0
15.58453212902,34.993454643011,0.0
15.64038053608,33.999079341986,0.0
1.0280404277971,29.997734838308,0.0
2.0561639615138,29.995530933669,0.0
3.0786505958802,29.995660217141,0.0
4.090334512407,30.0210381291,0.0
5.0866894503716,30.135243022152,0.0
6.0643919327806,30.35655323671,0.0
7.0352969206835,30.61416657766,0.0
7.999123009638,30.87309446344,0.0
8.9655439050284,31.130649276946,0.0
9.9319660343134,31.387167317726,0.0
10.894601912169,31.64109738301,0.0
11.85928985184,31.904815550581,0.0
12.815999485588,32.201442111955,0.0
13.76514403592,32.498315840764,0.0
14.72083401213,32.753285689748,0.0
15.685906227224,32.993914699194,0.0
16.655947808782,33.249103731304,0.0
17.623516706767,33.513505005862,0.0
18.58885005731,33.777939428849,0.0
19.555990770538,34.036661681482,0.0
20.527764804533,34.285162955207,0.0
21.496179229138,34.531085121244,0.0
22.464567380723,34.781614767159,0.0
23.430133956615,35.03814900246,0.0
24.396559302126,35.296467202802,0.0
25.360940724443,35.553359602262,0.0
26.326094207565,35.813223343519,0.0
27.287317854834,36.081545713099,0.0
28.247015251929,36.354455003019,0.0
29.196841805857,36.626047015315,0.0
30.302386353084,14.734244939636,0.0
30.290128517601,15.659279105905,0.0
30.278042923181,16.584159762229,0.0
30.265954643286,17.509179811661,0.0
30.254353722292,18.432473783848,0.0
30.246193855255,19.356915481677,0.0
30.246534302209,20.281669106269,0.0
30.250403878931,21.207476476335,0.0
30.254742985716,22.131352008457,0.0
30.259086008648,23.054997866826,0.0
30.263105523068,23.978985921705,0.0
30.26564297181,24.902398828639,0.0
30.262148147775,25.823298498304,0.0
30.248009521339,26.741258966972,0.0
30.229482188707,27.659377611055,0.0
30.210116184709,28.578986091866,0.0
30.190744300414,29.498864763462,0.0
30.171851139816,30.419958076269,0.0
30.156652683138,31.34355212762,0.0
30.150591418763,32.270221423604,0.0
30.148240675961,33.196970191207,0.0
30.146389940081,34.123002906766,0.0
30.144540726544,35.048949225576,0.0
30.144036002795,35.974444632156,0.0
30.14419925965,36.898323188409,0.0
30.141116959516,37.822536813507,0.0
30.130748305251,38.749660960828,0.0
30.114742212983,39.682764593442,0.0
30.103009100083,40.615214351787,0.0
30.099066246997,41.538185636095,0.0
30.095998416591,42.451384383033,0.0
30.07833734599,43.358219540694,0.0
30.05198260453,44.268351068569,0.0
30.02561546244,45.185756871034,0.0
30.009184160587,46.107247374626,0.0
30.011092384457,47.038068460457,0.0
30.016615439278,47.967897951578,0.0
30.014532382707,48.898520387558,0.0
30.000389372746,49.828573399967,0.0
29.980303045428,50.755286152096,0.0
29.966310913281,51.686099557641,0.0
29.97802688371,52.610237133072,0.0
30.006505118432,53.537024299926,0.0
30.037061519315,54.456792408627,0.0
30.050712951206,55.383366859136,0.0
30.048247775029,56.303930939902,0.0
30.032168077895,57.222084622939,0.0
30.009195304584,58.136356131165,0.0
29.992621004288,59.060666040162,0.0
60.000492993088,30.554428426255,0.0
60.000790986071,31.263947630223,0.0
60.001117555419,32.01784824258,0.0
60.001444288892,32.771748744789,0.0
60.001771186474,33.525649141686,0.0
60.002098248154,34.279549438107,0.0
60.002425473919,35.033449638891,0.0
60.002752863754,35.787349748872,0.0
60.003560224347,36.541878148,0.0
60.006076011143,37.296472005006,0.0
60.01136962621,38.051634628098,0.0
60.017300855994,38.806381893416,0.0
60.023138457921,39.561432537115,0.0
60.027890020285,40.317986526928,0.0
60.028845010049,41.07478108632,0.0
60.023617011934,41.832972435367,0.0
60.016927509351,42.590398839013,0.0
60.010457993228,43.348626424403,0.0
60.002454747108,44.10733664147,0.0
59.985127381948,44.866396174225,0.0
59.948554357061,45.6242540623,0.0
59.886579471014,46.393651078722,0.0
59.873095172874,47.123395798862,0.0
60.068321171501,47.879062550338,0.0
60.05033328699,48.652443728299,0.0
60.023163757649,49.399655118724,0.0
60.017328334214,50.157821970226,0.0
60.010812613735,50.916940265649,0.0
60.009927225496,51.669337837774,0.0
60.035667732058,52.418868076347,0.0
60.10228948042,53.180540767155,0.0
60.1359317551,53.941067915713,0.0
60.128135087011,54.717536473721,0.0
60.079964696432,55.472121704691,0.0
60.00246691273,56.224824166566,0.0
59.975190360147,56.967970234159,0.0
59.976547420128,57.719415885745,0.0
59.98356282825,58.479615661204,0.0
59.990676681848,59.239567240362,0.0
5.8730158730159,0.4761904761905,0.0
6.7460317460318,0.952380952381,0.0
7.6190476190476,1.4285714285714,0.0
8.4920634920635,1.9047619047619,0.0
9.3650793650794,2.3809523809524,0.0
10.238095238095,2.8571428571429,0.0
11.111111111111,3.3333333333334,0.0
11.984126984127,3.8095238095238,0.0
12.857142857143,4.2857142857143,0.0
13.730158730159,4.7619047619048,0.0
14.603174603175,5.2380952380952,0.0
15.47619047619,5.7142857142857,0.0
16.349206349206,6.1904761904762,0.0
17.222222222222,6.6666666666667,0.0
18.095238095238,7.1428571428572,0.0
18.968253968254,7.6190476190476,0.0
19.84126984127,8.0952380952381,0.0
20.714285714286,8.5714285714286,0.0
21.587301587302,9.0476190476191,0.0
22.460317460318,9.5238095238095,0.0
23.333333333333,10.0,0.0
24.206349206349,10.47619047619,0.0
25.079365079365,10.952380952381,0.0
25.952380952381,11.428571428571,0.0
26.825396825397,11.904761904762,0.0
27.698412698413,12.380952380952,0.0
28.571428571429,12.857142857143,0.0
29.444444444444,13.333333333333,0.0
30.31746031746,13.809523809524,0.0
31.190476190476,14.285714285714,0.0
32.063492063492,14.761904761905,0.0
32.936507936508,15.238095238095,0.0
33.809523809524,15.714285714286,0.0
34.68253968254,16.190476190476,0.0
35.555555555556,16.666666666667,0.0
36.428571428571,17.142857142857,0.0
37.301587301587,17.619047619048,0.0
38.174603174603,18.095238095238,0.0
39.047619047619,18.571428571429,0.0
39.920634920635,19.047619047619,0.0
40.793650793651,19.52380952381,0.0
41.666666666667,20.0,0.0
42.539682539682,20.47619047619,0.0
43.412698412698,20.952380952381,0.0
44.285714285714,21.428571428571,0.0
45.15873015873,21.904761904762,0.0
46.031746031746,22.380952380952,0.0
46.904761904762,22.857142857143,0.0
47.777777777778,23.333333333333,0.0
48.650793650794,23.809523809524,0.0
49.52380952381,24.285714285714,0.0
50.396825396825,24.761904761905,0.0
51.269841269841,25.238095238095,0.0
52.142857142857,25.714285714286,0.0
53.015873015873,26.190476190476,0.0
53.888888888889,26.666666666667,0.0
54.761904761905,27.142857142857,0.0
55.634920634921,27.619047619048,0.0
56.507936507936,28.095238095238,0.0
57.380952380952,28.571428571429,0.0
58.253968253968,29.047619047619,0.0
59.126984126984,29.52380952381,0.0
60.0,30.0,0.0
60.873015873016,29.52380952381,0.0
61.746031746032,29.047619047619,0.0
62.619047619048,28.571428571428,0.0
63.492063492064,28.095238095238,0.0
64.36507936508,27.619047619048,0.0
65.238095238095,27.142857142857,0.0
66.111111111111,26.666666666667,0.0
66.984126984127,26.190476190476,0.0
67.857142857143,25.714285714286,0.0
68.730158730159,25.238095238095,0.0
69.603174603175,24.761904761905,0.0
70.476190476191,24.285714285714,0.0
71.349206349206,23.809523809524,0.0
72.222222222222,23.333333333333,0.0
73.095238095238,22.857142857143,0.0
73.968253968254,22.380952380952,0.0
74.84126984127,21.904761904762,0.0
75.714285714286,21.428571428571,0.0
76.587301587302,20.952380952381,0.0
77.460317460318,20.47619047619,0.0
78.333333333333,20.0,0.0
79.206349206349,19.52380952381,0.0
80.079365079365,19.047619047619,0.0
80.952380952381,18.571428571429,0.0
81.825396825397,18.095238095238,0.0
82.698412698413,17.619047619048,0.0
83.571428571429,17.142857142857,0.0
84.444444444444,16.666666666667,0.0
85.31746031746,16.190476190476,0.0
86.190476190476,15.714285714286,0.0
87.063492063492,15.238095238095,0.0
87.936507936508,14.761904761905,0.0
88.809523809524,14.285714285714,0.0
89.68253968254,13.809523809524,0.0
90.555555555556,13.333333333333,0.0
91.428571428572,12.857142857143,0.0
92.301587301587,12.380952380952,0.0
93.174603174603,11.904761904762,0.0
94.047619047619,11.428571428571,0.0
94.920634920635,10.952380952381,0.0
95.793650793651,10.47619047619,0.0
96.666666666667,10.0,0.0
97.539682539683,9.5238095238095,0.0
98.412698412698,9.047619047619,0.0
99.285714285714,8.5714285714286,0.0
100.15873015873,8.0952380952381,0.0
101.03174603175,7.6190476190476,0.0
101.90476190476,7.1428571428571,0.0
102.77777777778,6.6666666666667,0.0
103.65079365079,6.1904761904762,0.0
104.52380952381,5.7142857142857,0.0
105.39682539682,5.2380952380952,0.0
106.26984126984,4.7619047619048,0.0
107.14285714286,4.2857142857143,0.0
108.01587301587,3.8095238095238,0.0
108.88888888889,3.3333333333333,0.0
109.7619047619,2.8571428571429,0.0
110.63492063492,2.3809523809524,0.0
111.50793650794,1.9047619047619,0.0
112.38095238095,1.4285714285714,0.0
113.25396825397,0.952380952381,0.0
114.12698412698,0.4761904761905,0.0
115.0,4.439157375e-15,0.0
116.0,0.0,0.0
117.0,0.0,0.0
118.0,0.0,0.0
119.0,0.0,0.0
120.0,-3.99714983e-14,0.0
120.0,1.0,0.0
120.0,2.0,0.0
120.0,3.0,0.0
120.0,4.0,0.0
120.0,5.0,0.0
120.0,6.0,0.0
120.0,7.0,0.0
120.0,8.0,0.0
120.0,9.0,0.0
120.0,10.0,0.0
120.0,11.0,0.0
120.0,12.0,0.0
120.0,13.0,0.0
120.0,14.0,0.0
120.0,15.0,0.0
120.0,16.0,0.0
120.0,17.0,0.0
120.0,18.0,0.0
120.0,19.0,0.0
120.0,20.0,0.0
120.0,21.0,0.0
120.0,22.0,0.0
120.0,23.0,0.0
120.0,24.0,0.0
120.0,25.0,0.0
120.0,26.0,0.0
120.0,27.0,0.0
120.0,28.0,0.0
120.0,29.0,0.0
120.0,30.0,0.0
120.0,31.0,0.0
120.0,32.0,0.0
120.0,33.0,0.0
120.0,34.0,0.0
120.0,35.0,0.0
120.0,36.0,0.0
120.0,37.0,0.0
120.0,38.0,0.0
120.0,39.0,0.0
120.0,40.0,0.0
120.0,41.0,0.0
120.0,42.0,0.0
120.0,43.0,0.0
120.0,44.0,0.0
120.0,45.0,0.0
120.0,46.0,0.0
120.0,47.0,0.0
120.0,48.0,0.0
120.0,49.0,0.0
120.0,50.0,0.0
120.0,51.0,0.0
120.0,52.0,0.0
120.0,53.0,0.0
120.0,54.0,0.0
120.0,55.0,0.0
120.0,56.0,0.0
120.0,57.0,0.0
120.0,58.0,0.0
120.0,59.0,0.0
120.0,60.0,0.0
119.0,60.0,0.0
118.0,60.0,0.0
117.0,60.0,0.0
116.0,60.0,0.0
115.0,60.0,0.0
114.0,60.0,0.0
113.0,60.0,0.0
112.0,60.0,0.0
111.0,60.0,0.0
110.0,60.0,0.0
109.0,60.0,0.0
108.0,60.0,0.0
107.0,60.0,0.0
106.0,60.0,0.0
105.0,60.0,0.0
104.0,60.0,0.0
103.0,60.0,0.0
102.0,60.0,0.0
101.0,60.0,0.0
100.0,60.0,0.0
99.0,60.0,0.0
98.0,60.0,0.0
97.0,60.0,0.0
96.0,60.0,0.0
95.0,60.0,0.0
94.0,60.0,0.0
93.0,60.0,0.0
92.0,60.0,0.0
91.0,60.0,0.0
90.0,60.0,0.0
89.0,60.0,0.0
88.0,60.0,0.0
87.0,60.0,0.0
86.0,60.0,0.0
85.0,60.0,0.0
84.0,60.0,0.0
83.0,60.0,0.0
82.0,60.0,0.0
81.0,60.0,0.0
80.0,60.0,0.0
79.0,60.0,0.0
78.0,60.0,0.0
77.0,60.0,0.0
76.0,60.0,0.0
75.0,60.0,0.0
74.0,60.0,0.0
73.0,60.0,0.0
72.0,60.0,0.0
71.0,60.0,0.0
70.0,60.0,0.0
69.0,60.0,0.0
68.0,60.0,0.0
67.0,60.0,0.0
66.0,60.0,0.0
65.0,60.0,0.0
64.0,60.0,0.0
63.0,60.0,0.0
62.0,60.0,0.0
61.0,60.0,0.0
60.0,60.0,0.0
59.0,60.0,0.0
58.0,60.0,0.0
57.0,60.0,0.0
56.0,60.0,0.0
55.0,60.0,0.0
54.0,60.0,0.0
53.0,60.0,0.0
52.0,60.0,0.0
51.0,60.0,0.0
50.0,60.0,0.0
49.0,60.0,0.0
48.0,60.0,0.0
47.0,60.0,0.0
46.0,60.0,0.0
45.0,60.0,0.0
44.0,60.0,0.0
43.0,60.0,0.0
42.0,60.0,0.0
41.0,60.0,0.0
40.0,60.0,0.0
39.0,60.0,0.0
38.0,60.0,0.0
37.0,60.0,0.0
36.0,60.0,0.0
35.0,60.0,0.0
34.0,60.0,0.0
33.0,60.0,0.0
32.0,60.0,0.0
31.0,60.0,0.0
30.0,60.0,0.0
29.0,60.0,0.0
28.0,60.0,0.0
27.0,60.0,0.0
26.0,60.0,0.0
25.0,60.0,0.0
24.0,60.0,0.0
23.0,60.0,0.0
22.0,60.0,0.0
21.0,60.0,0.0
20.0,60.0,0.0
19.0,60.0,0.0
18.0,60.0,0.0
17.0,60.0,0.0
16.0,60.0,0.0
15.0,60.0,0.0
14.0,60.0,0.0
13.0,60.0,0.0
12.0,60.0,0.0
11.0,60.0,0.0
10.0,60.0,0.0
9.0,60.0,0.0
8.0,60.0,0.0
7.0,60.0,0.0
6.0,60.0,0.0
5.0,60.0,0.0
4.0,60.0,0.0
3.0,60.0,0.0
2.0,60.0,0.0
1.0,60.0,0.0
-8.87831475e-15,60.0,0.0
-1.42108547e-14,59.0,0.0
-1.42108547e-14,58.0,0.0
-1.42108547e-14,57.0,0.0
-1.42108547e-14,56.0,0.0
-1.42108547e-14,55.0,0.0
-1.42108547e-14,54.0,0.0
-1.42108547e-14,53.0,0.0
-1.42108547e-14,52.0,0.0
-1.42108547e-14,51.0,0.0
-1.42108547e-14,50.0,0.0
-1.42108547e-14,49.0,0.0
-1.42108547e-14,48.0,0.0
-1.42108547e-14,47.0,0.0
-1.42108547e-14,46.0,0.0
-1.42108547e-14,45.0,0.0
-1.42108547e-14,44.0,0.0
-1.42108547e-14,43.0,0.0
-1.42108547e-14,42.0,0.0
-1.42108547e-14,41.0,0.0
-1.42108547e-14,40.0,0.0
-1.42108547e-14,39.0,0.0
-1.42108547e-14,38.0,0.0
-1.42108547e-14,37.0,0.0
-1.42108547e-14,36.0,0.0
-1.42108547e-14,35.0,0.0
-1.42108547e-14,34.0,0.0
-1.42108547e-14,33.0,0.0
-1.42108547e-14,32.0,0.0
-1.42108547e-14,31.0,0.0
-1.42108547e-14,30.0,0.0
-1.42108547e-14,29.0,0.0
-1.42108547e-14,28.0,0.0
-1.42108547e-14,27.0,0.0
-1.42108547e-14,26.0,0.0
-1.42108547e-14,25.0,0.0
-1.42108547e-14,24.0,0.0
-1.42108547e-14,23.0,0.0
-1.42108547e-14,22.0,0.0
-1.42108547e-14,21.0,0.0
-1.42108547e-14,20.0,0.0
-1.42108547e-14,19.0,0.0
-1.42108547e-14,18.0,0.0
-1.42108547e-14,17.0,0.0
-1.42108547e-14,16.0,0.0
-1.42108547e-14,15.0,0.0
-1.42108547e-14,14.0,0.0
-1.42108547e-14,13.0,0.0
-1.42108547e-14,12.0,0.0
-1.42108547e-14,11.0,0.0
-1.42108547e-14,10.0,0.0
-1.42108547e-14,9.0,0.0
-1.42108547e-14,8.0,0.0
-1.42108547e-14,7.0,0.0
-1.42108547e-14,6.0,0.0
-1.42108547e-14,5.0,0.0
-1.42108547e-14,4.0,0.0
-1.42108547e-14,3.0,0.0
-1.42108547e-14,2.0,0.0
-1.42108547e-14,1.0,0.0
8.886988367e-15,4.439157375e-15,0.0
1.0,0.0,0.0
2.0,0.0,0.0
3.0,0.0,0.0
4.0,0.0,0.0
5.0,4.439157375e-15,0.0
